  2.000000000000000E-003  2.000000000000000E-003 -0.583895134851817     
  2.000000000000000E-003  0.298270416666667      -0.544220799233002     
  2.000000000000000E-003  0.594540833333333      -0.483679365211837     
  2.000000000000000E-003  0.890811250000000      -0.410840460383752     
  2.000000000000000E-003   1.18708166666667      -0.350141965501529     
  2.000000000000000E-003   1.48335208333333      -0.304848174174887     
  2.000000000000000E-003   1.77962250000000      -0.270498344002124     
  2.000000000000000E-003   2.07589291666667      -0.243006259073649     
  2.000000000000000E-003   2.37216333333333      -0.219871785725936     
  2.000000000000000E-003   2.66843375000000      -0.199662982776620     
  2.000000000000000E-003   2.96470416666667      -0.181751047562047     
  2.000000000000000E-003   3.26097458333333      -0.165651676279917     
  2.000000000000000E-003   3.55724500000000      -0.151033067146739     
  2.000000000000000E-003   3.85351541666667      -0.137710044406366     
  2.000000000000000E-003   4.14978583333333      -0.125611799163411     
  2.000000000000000E-003   4.44605625000000      -0.114717538777752     
  2.000000000000000E-003   4.74232666666667      -0.105008407569763     
  2.000000000000000E-003   5.03859708333333      -9.646297315696589E-002
  2.000000000000000E-003   5.33486750000000      -8.914091079425146E-002
  2.000000000000000E-003   5.63113791666667      -8.303461793202478E-002
  2.000000000000000E-003   5.92740833333333      -7.808110430057179E-002
  2.000000000000000E-003   6.22367875000000      -7.406785468618354E-002
  2.000000000000000E-003   6.51994916666667      -7.030051338504259E-002
  2.000000000000000E-003   6.81621958333333      -6.508736680363293E-002
  2.000000000000000E-003   7.11249000000000      -5.890657910719172E-002
  0.298270416666667       2.000000000000000E-003 -0.634004428986149     
  0.298270416666667       0.298270416666667      -0.582645914792023     
  0.298270416666667       0.594540833333333      -0.515761574062820     
  0.298270416666667       0.890811250000000      -0.443606652543594     
  0.298270416666667        1.18708166666667      -0.380983546981908     
  0.298270416666667        1.48335208333333      -0.332125318179473     
  0.298270416666667        1.77962250000000      -0.293763350045646     
  0.298270416666667        2.07589291666667      -0.262151780408329     
  0.298270416666667        2.37216333333333      -0.235028127180191     
  0.298270416666667        2.66843375000000      -0.211805537049192     
  0.298270416666667        2.96470416666667      -0.191536431148191     
  0.298270416666667        3.26097458333333      -0.173544983566578     
  0.298270416666667        3.55724500000000      -0.157411922262133     
  0.298270416666667        3.85351541666667      -0.142898453178556     
  0.298270416666667        4.14978583333333      -0.129878949034256     
  0.298270416666667        4.44605625000000      -0.118270448513661     
  0.298270416666667        4.74232666666667      -0.107988943027513     
  0.298270416666667        5.03859708333333      -9.895136770625830E-002
  0.298270416666667        5.33486750000000      -9.118224923372581E-002
  0.298270416666667        5.63113791666667      -8.468104199099594E-002
  0.298270416666667        5.92740833333333      -7.940698908579798E-002
  0.298270416666667        6.22367875000000      -7.520862434637976E-002
  0.298270416666667        6.51994916666667      -7.147911629420671E-002
  0.298270416666667        6.81621958333333      -6.656460859638945E-002
  0.298270416666667        7.11249000000000      -6.028679426997703E-002
  0.594540833333333       2.000000000000000E-003 -0.637959065542469     
  0.594540833333333       0.298270416666667      -0.609003322595889     
  0.594540833333333       0.594540833333333      -0.547323163204307     
  0.594540833333333       0.890811250000000      -0.477099713481454     
  0.594540833333333        1.18708166666667      -0.412802144102568     
  0.594540833333333        1.48335208333333      -0.359642677203244     
  0.594540833333333        1.77962250000000      -0.316302868186074     
  0.594540833333333        2.07589291666667      -0.279863097279893     
  0.594540833333333        2.37216333333333      -0.248763573106067     
  0.594540833333333        2.66843375000000      -0.222647786029677     
  0.594540833333333        2.96470416666667      -0.200146780774117     
  0.594540833333333        3.26097458333333      -0.180412293437681     
  0.594540833333333        3.55724500000000      -0.162919096574165     
  0.594540833333333        3.85351541666667      -0.147348272782233     
  0.594540833333333        4.14978583333333      -0.133502755733172     
  0.594540833333333        4.44605625000000      -0.121236525338198     
  0.594540833333333        4.74232666666667      -0.110409567463329     
  0.594540833333333        5.03859708333333      -0.100873254365011     
  0.594540833333333        5.33486750000000      -9.260097704397086E-002
  0.594540833333333        5.63113791666667      -8.557647194226962E-002
  0.594540833333333        5.92740833333333      -7.973510920617412E-002
  0.594540833333333        6.22367875000000      -7.491240895325683E-002
  0.594540833333333        6.51994916666667      -7.060990479942697E-002
  0.594540833333333        6.81621958333333      -6.583367569973041E-002
  0.594540833333333        7.11249000000000      -6.012119663157523E-002
  0.890811250000000       2.000000000000000E-003 -0.661148171086895     
  0.890811250000000       0.298270416666667      -0.637580064127902     
  0.890811250000000       0.594540833333333      -0.579715169042693     
  0.890811250000000       0.890811250000000      -0.509538058013663     
  0.890811250000000        1.18708166666667      -0.442423294779384     
  0.890811250000000        1.48335208333333      -0.384443619085186     
  0.890811250000000        1.77962250000000      -0.335716524244190     
  0.890811250000000        2.07589291666667      -0.294360357193361     
  0.890811250000000        2.37216333333333      -0.260084316945497     
  0.890811250000000        2.66843375000000      -0.231522583205617     
  0.890811250000000        2.96470416666667      -0.207157685187452     
  0.890811250000000        3.26097458333333      -0.186025586163399     
  0.890811250000000        3.55724500000000      -0.167476859772796     
  0.890811250000000        3.85351541666667      -0.151078723469894     
  0.890811250000000        4.14978583333333      -0.136551286746484     
  0.890811250000000        4.44605625000000      -0.123701077323037     
  0.890811250000000        4.74232666666667      -0.112361301891489     
  0.890811250000000        5.03859708333333      -0.102358075337011     
  0.890811250000000        5.33486750000000      -9.356887300612268E-002
  0.890811250000000        5.63113791666667      -8.599159818640635E-002
  0.890811250000000        5.92740833333333      -7.953220435034074E-002
  0.890811250000000        6.22367875000000      -7.401111290640536E-002
  0.890811250000000        6.51994916666667      -6.906787686381904E-002
  0.890811250000000        6.81621958333333      -6.416311087839356E-002
  0.890811250000000        7.11249000000000      -5.902318121165318E-002
   1.18708166666667       2.000000000000000E-003 -0.675328928706085     
   1.18708166666667       0.298270416666667      -0.654748064688197     
   1.18708166666667       0.594540833333333      -0.601380271276688     
   1.18708166666667       0.890811250000000      -0.532979866946832     
   1.18708166666667        1.18708166666667      -0.464365683282263     
   1.18708166666667        1.48335208333333      -0.402623740910798     
   1.18708166666667        1.77962250000000      -0.349387935213629     
   1.18708166666667        2.07589291666667      -0.304646896109049     
   1.18708166666667        2.37216333333333      -0.268232125402289     
   1.18708166666667        2.66843375000000      -0.237916363547045     
   1.18708166666667        2.96470416666667      -0.212273662855493     
   1.18708166666667        3.26097458333333      -0.190273513012376     
   1.18708166666667        3.55724500000000      -0.171110625458504     
   1.18708166666667        3.85351541666667      -0.154193091861886     
   1.18708166666667        4.14978583333333      -0.139152791148432     
   1.18708166666667        4.44605625000000      -0.125788974301601     
   1.18708166666667        4.74232666666667      -0.113962448799868     
   1.18708166666667        5.03859708333333      -0.103520580425573     
   1.18708166666667        5.33486750000000      -9.428569380802956E-002
   1.18708166666667        5.63113791666667      -8.622062016953631E-002
   1.18708166666667        5.92740833333333      -7.925022877950443E-002
   1.18708166666667        6.22367875000000      -7.320813962462387E-002
   1.18708166666667        6.51994916666667      -6.783977103566945E-002
   1.18708166666667        6.81621958333333      -6.283486380900156E-002
   1.18708166666667        7.11249000000000      -5.799742978852127E-002
   1.48335208333333       2.000000000000000E-003 -0.669383797263618     
   1.48335208333333       0.298270416666667      -0.651848104300588     
   1.48335208333333       0.594540833333333      -0.604318765605332     
   1.48335208333333       0.890811250000000      -0.540893046168863     
   1.48335208333333        1.18708166666667      -0.473654330177648     
   1.48335208333333        1.48335208333333      -0.410566843261089     
   1.48335208333333        1.77962250000000      -0.355410250670540     
   1.48335208333333        2.07589291666667      -0.310165302056633     
   1.48335208333333        2.37216333333333      -0.272751289443521     
   1.48335208333333        2.66843375000000      -0.241552854022237     
   1.48335208333333        2.96470416666667      -0.215392871338991     
   1.48335208333333        3.26097458333333      -0.193203445766757     
   1.48335208333333        3.55724500000000      -0.173976361816219     
   1.48335208333333        3.85351541666667      -0.156888630579331     
   1.48335208333333        4.14978583333333      -0.141473812960190     
   1.48335208333333        4.44605625000000      -0.127614757006844     
   1.48335208333333        4.74232666666667      -0.115297971159704     
   1.48335208333333        5.03859708333333      -0.104435294420061     
   1.48335208333333        5.33486750000000      -9.486495071905891E-002
   1.48335208333333        5.63113791666667      -8.642797168888428E-002
   1.48335208333333        5.92740833333333      -7.908430700895390E-002
   1.48335208333333        6.22367875000000      -7.270676059387154E-002
   1.48335208333333        6.51994916666667      -6.709396376402332E-002
   1.48335208333333        6.81621958333333      -6.200627687877135E-002
   1.48335208333333        7.11249000000000      -5.726819727937477E-002
   1.77962250000000       2.000000000000000E-003 -0.643397885860858     
   1.77962250000000       0.298270416666667      -0.628946145968736     
   1.77962250000000       0.594540833333333      -0.587648632458223     
   1.77962250000000       0.890811250000000      -0.530356987280575     
   1.77962250000000        1.18708166666667      -0.467338058882282     
   1.77962250000000        1.48335208333333      -0.406858259309709     
   1.77962250000000        1.77962250000000      -0.354898702478862     
   1.77962250000000        2.07589291666667      -0.310761748356013     
   1.77962250000000        2.37216333333333      -0.273562636980027     
   1.77962250000000        2.66843375000000      -0.242475443595047     
   1.77962250000000        2.96470416666667      -0.216628504000732     
   1.77962250000000        3.26097458333333      -0.194969290475886     
   1.77962250000000        3.55724500000000      -0.176237651530684     
   1.77962250000000        3.85351541666667      -0.159318001670598     
   1.77962250000000        4.14978583333333      -0.143644627740181     
   1.77962250000000        4.44605625000000      -0.129255016257269     
   1.77962250000000        4.74232666666667      -0.116375839120940     
   1.77962250000000        5.03859708333333      -0.105106388742603     
   1.77962250000000        5.33486750000000      -9.525028796070013E-002
   1.77962250000000        5.63113791666667      -8.660794951333518E-002
   1.77962250000000        5.92740833333333      -7.903048891715955E-002
   1.77962250000000        6.22367875000000      -7.244475620476543E-002
   1.77962250000000        6.51994916666667      -6.667955384506792E-002
   1.77962250000000        6.81621958333333      -6.152325214178269E-002
   1.77962250000000        7.11249000000000      -5.679557681126030E-002
   2.07589291666667       2.000000000000000E-003 -0.598996659647492     
   2.07589291666667       0.298270416666667      -0.586137820766859     
   2.07589291666667       0.594540833333333      -0.551552183969826     
   2.07589291666667       0.890811250000000      -0.501688866488515     
   2.07589291666667        1.18708166666667      -0.447953184789615     
   2.07589291666667        1.48335208333333      -0.395954577886713     
   2.07589291666667        1.77962250000000      -0.348442368495378     
   2.07589291666667        2.07589291666667      -0.306701650827911     
   2.07589291666667        2.37216333333333      -0.270956169803797     
   2.07589291666667        2.66843375000000      -0.240914861290515     
   2.07589291666667        2.96470416666667      -0.216161045791126     
   2.07589291666667        3.26097458333333      -0.195781142403985     
   2.07589291666667        3.55724500000000      -0.178149600366519     
   2.07589291666667        3.85351541666667      -0.161626463251672     
   2.07589291666667        4.14978583333333      -0.145638414286424     
   2.07589291666667        4.44605625000000      -0.130641719562188     
   2.07589291666667        4.74232666666667      -0.117185247493467     
   2.07589291666667        5.03859708333333      -0.105478889362443     
   2.07589291666667        5.33486750000000      -9.540014341682422E-002
   2.07589291666667        5.63113791666667      -8.661516319431441E-002
   2.07589291666667        5.92740833333333      -7.894590539509203E-002
   2.07589291666667        6.22367875000000      -7.226261221593530E-002
   2.07589291666667        6.51994916666667      -6.641097514264727E-002
   2.07589291666667        6.81621958333333      -6.121351649115993E-002
   2.07589291666667        7.11249000000000      -5.646997762481071E-002
   2.37216333333333       2.000000000000000E-003 -0.541500805182128     
   2.37216333333333       0.298270416666667      -0.532120454483330     
   2.37216333333333       0.594540833333333      -0.505996015198981     
   2.37216333333333       0.890811250000000      -0.468129386032864     
   2.37216333333333        1.18708166666667      -0.424206753933866     
   2.37216333333333        1.48335208333333      -0.379133659717140     
   2.37216333333333        1.77962250000000      -0.336603280190934     
   2.37216333333333        2.07589291666667      -0.298474483338996     
   2.37216333333333        2.37216333333333      -0.265259565381944     
   2.37216333333333        2.66843375000000      -0.237173119993693     
   2.37216333333333        2.96470416666667      -0.214252911786351     
   2.37216333333333        3.26097458333333      -0.195929949050576     
   2.37216333333333        3.55724500000000      -0.180052092223806     
   2.37216333333333        3.85351541666667      -0.163973646834494     
   2.37216333333333        4.14978583333333      -0.147335592034155     
   2.37216333333333        4.44605625000000      -0.131546672671837     
   2.37216333333333        4.74232666666667      -0.117556216363762     
   2.37216333333333        5.03859708333333      -0.105523595669408     
   2.37216333333333        5.33486750000000      -9.525523205010278E-002
   2.37216333333333        5.63113791666667      -8.639634790558522E-002
   2.37216333333333        5.92740833333333      -7.866645812141281E-002
   2.37216333333333        6.22367875000000      -7.194853820845969E-002
   2.37216333333333        6.51994916666667      -6.609110775361238E-002
   2.37216333333333        6.81621958333333      -6.089627654097712E-002
   2.37216333333333        7.11249000000000      -5.616866339651055E-002
   2.66843375000000       2.000000000000000E-003 -0.491157370426919     
   2.66843375000000       0.298270416666667      -0.483916560301500     
   2.66843375000000       0.594540833333333      -0.463307843639849     
   2.66843375000000       0.890811250000000      -0.432443140119174     
   2.66843375000000        1.18708166666667      -0.395495542272262     
   2.66843375000000        1.48335208333333      -0.356839714264605     
   2.66843375000000        1.77962250000000      -0.320060027207235     
   2.66843375000000        2.07589291666667      -0.286630749713662     
   2.66843375000000        2.37216333333333      -0.257161058567318     
   2.66843375000000        2.66843375000000      -0.231990965191656     
   2.66843375000000        2.96470416666667      -0.211427775353561     
   2.66843375000000        3.26097458333333      -0.195637004499450     
   2.66843375000000        3.55724500000000      -0.182151445247606     
   2.66843375000000        3.85351541666667      -0.166200044413415     
   2.66843375000000        4.14978583333333      -0.148342399592089     
   2.66843375000000        4.44605625000000      -0.131724418005208     
   2.66843375000000        4.74232666666667      -0.117343558377050     
   2.66843375000000        5.03859708333333      -0.105118249585590     
   2.66843375000000        5.33486750000000      -9.476155150286872E-002
   2.66843375000000        5.63113791666667      -8.588047481517515E-002
   2.66843375000000        5.92740833333333      -7.814480456474460E-002
   2.66843375000000        6.22367875000000      -7.143196548241706E-002
   2.66843375000000        6.51994916666667      -6.559768461349988E-002
   2.66843375000000        6.81621958333333      -6.044150434739970E-002
   2.66843375000000        7.11249000000000      -5.575821667557204E-002
   2.96470416666667       2.000000000000000E-003 -0.441094910190079     
   2.96470416666667       0.298270416666667      -0.435220495264802     
   2.96470416666667       0.594540833333333      -0.418408120831346     
   2.96470416666667       0.890811250000000      -0.392992521734965     
   2.96470416666667        1.18708166666667      -0.362358619740308     
   2.96470416666667        1.48335208333333      -0.330424613135018     
   2.96470416666667        1.77962250000000      -0.299961879148067     
   2.96470416666667        2.07589291666667      -0.272128720514684     
   2.96470416666667        2.37216333333333      -0.247546768440884     
   2.96470416666667        2.66843375000000      -0.226413401808883     
   2.96470416666667        2.96470416666667      -0.208575685778138     
   2.96470416666667        3.26097458333333      -0.194455930451631     
   2.96470416666667        3.55724500000000      -0.183388609970863     
   2.96470416666667        3.85351541666667      -0.166977334439071     
   2.96470416666667        4.14978583333333      -0.148005453766438     
   2.96470416666667        4.44605625000000      -0.131107342832774     
   2.96470416666667        4.74232666666667      -0.116512738060330     
   2.96470416666667        5.03859708333333      -0.104144492452079     
   2.96470416666667        5.33486750000000      -9.376178774748559E-002
   2.96470416666667        5.63113791666667      -8.494544092790786E-002
   2.96470416666667        5.92740833333333      -7.728078588610225E-002
   2.96470416666667        6.22367875000000      -7.064493632513896E-002
   2.96470416666667        6.51994916666667      -6.489185565070214E-002
   2.96470416666667        6.81621958333333      -5.981757773544685E-002
   2.96470416666667        7.11249000000000      -5.521001432894894E-002
   3.26097458333333       2.000000000000000E-003 -0.390080763518693     
   3.26097458333333       0.298270416666667      -0.385364598932085     
   3.26097458333333       0.594540833333333      -0.371912631170672     
   3.26097458333333       0.890811250000000      -0.351602748517285     
   3.26097458333333        1.18708166666667      -0.327197023917863     
   3.26097458333333        1.48335208333333      -0.301958456747569     
   3.26097458333333        1.77962250000000      -0.277929085055535     
   3.26097458333333        2.07589291666667      -0.255902122149967     
   3.26097458333333        2.37216333333333      -0.236593321267948     
   3.26097458333333        2.66843375000000      -0.220302455128608     
   3.26097458333333        2.96470416666667      -0.206104784117344     
   3.26097458333333        3.26097458333333      -0.191190389005128     
   3.26097458333333        3.55724500000000      -0.179686564291468     
   3.26097458333333        3.85351541666667      -0.163770713175500     
   3.26097458333333        4.14978583333333      -0.146370647334457     
   3.26097458333333        4.44605625000000      -0.129668365391408     
   3.26097458333333        4.74232666666667      -0.114798707595549     
   3.26097458333333        5.03859708333333      -0.102335260331730     
   3.26097458333333        5.33486750000000      -9.204397657993260E-002
   3.26097458333333        5.63113791666667      -8.342388207776684E-002
   3.26097458333333        5.92740833333333      -7.595321582026421E-002
   3.26097458333333        6.22367875000000      -6.949222328855321E-002
   3.26097458333333        6.51994916666667      -6.389759777391878E-002
   3.26097458333333        6.81621958333333      -5.896174564845569E-002
   3.26097458333333        7.11249000000000      -5.446910735498542E-002
   3.55724500000000       2.000000000000000E-003 -0.341225251416856     
   3.55724500000000       0.298270416666667      -0.337581451783894     
   3.55724500000000       0.594540833333333      -0.327251264880651     
   3.55724500000000       0.890811250000000      -0.311710734022198     
   3.55724500000000        1.18708166666667      -0.293093742473333     
   3.55724500000000        1.48335208333333      -0.273928172603007     
   3.55724500000000        1.77962250000000      -0.255509372886507     
   3.55724500000000        2.07589291666667      -0.238495418058654     
   3.55724500000000        2.37216333333333      -0.223419553426815     
   3.55724500000000        2.66843375000000      -0.210573088290511     
   3.55724500000000        2.96470416666667      -0.199190498889223     
   3.55724500000000        3.26097458333333      -0.186281816477248     
   3.55724500000000        3.55724500000000      -0.171240902031413     
   3.55724500000000        3.85351541666667      -0.157004540339361     
   3.55724500000000        4.14978583333333      -0.141627907331273     
   3.55724500000000        4.44605625000000      -0.125519064928202     
   3.55724500000000        4.74232666666667      -0.111171885282852     
   3.55724500000000        5.03859708333333      -9.922571756708407E-002
   3.55724500000000        5.33486750000000      -8.940289440593154E-002
   3.55724500000000        5.63113791666667      -8.120004595368681E-002
   3.55724500000000        5.92740833333333      -7.408516930421261E-002
   3.55724500000000        6.22367875000000      -6.791019541287110E-002
   3.55724500000000        6.51994916666667      -6.255533647529317E-002
   3.55724500000000        6.81621958333333      -5.781647201645621E-002
   3.55724500000000        7.11249000000000      -5.348040948302612E-002
   3.85351541666667       2.000000000000000E-003 -0.297992391867770     
   3.85351541666667       0.298270416666667      -0.295306031324826     
   3.85351541666667       0.594540833333333      -0.287687446354152     
   3.85351541666667       0.890811250000000      -0.276199223211566     
   3.85351541666667        1.18708166666667      -0.262370849232687     
   3.85351541666667        1.48335208333333      -0.247985949363241     
   3.85351541666667        1.77962250000000      -0.233937522462715     
   3.85351541666667        2.07589291666667      -0.220526590239780     
   3.85351541666667        2.37216333333333      -0.208056678453820     
   3.85351541666667        2.66843375000000      -0.196416954993639     
   3.85351541666667        2.96470416666667      -0.185117447445643     
   3.85351541666667        3.26097458333333      -0.175035420791824     
   3.85351541666667        3.55724500000000      -0.162747447092656     
   3.85351541666667        3.85351541666667      -0.142416190120476     
   3.85351541666667        4.14978583333333      -0.128939442726746     
   3.85351541666667        4.44605625000000      -0.116781620922642     
   3.85351541666667        4.74232666666667      -0.105077594309080     
   3.85351541666667        5.03859708333333      -9.469680609704759E-002
   3.85351541666667        5.33486750000000      -8.585584101166147E-002
   3.85351541666667        5.63113791666667      -7.832770565642874E-002
   3.85351541666667        5.92740833333333      -7.170812594152630E-002
   3.85351541666667        6.22367875000000      -6.591344134949585E-002
   3.85351541666667        6.51994916666667      -6.086433102588971E-002
   3.85351541666667        6.81621958333333      -5.636895010404335E-002
   3.85351541666667        7.11249000000000      -5.222410789469526E-002
   4.14978583333333       2.000000000000000E-003 -0.262099801405885     
   4.14978583333333       0.298270416666667      -0.260155012222487     
   4.14978583333333       0.594540833333333      -0.254602163130509     
   4.14978583333333       0.890811250000000      -0.246145451723923     
   4.14978583333333        1.18708166666667      -0.235811088410491     
   4.14978583333333        1.48335208333333      -0.224793991895838     
   4.14978583333333        1.77962250000000      -0.213712151125129     
   4.14978583333333        2.07589291666667      -0.202738502179280     
   4.14978583333333        2.37216333333333      -0.192056645892207     
   4.14978583333333        2.66843375000000      -0.181713290717592     
   4.14978583333333        2.96470416666667      -0.172122523769639     
   4.14978583333333        3.26097458333333      -0.164098194606858     
   4.14978583333333        3.55724500000000      -0.151804739361452     
   4.14978583333333        3.85351541666667      -0.132066813985675     
   4.14978583333333        4.14978583333333      -0.117573219048628     
   4.14978583333333        4.44605625000000      -0.107342745874654     
   4.14978583333333        4.74232666666667      -9.805657871972770E-002
   4.14978583333333        5.03859708333333      -8.945254745016941E-002
   4.14978583333333        5.33486750000000      -8.179071668861466E-002
   4.14978583333333        5.63113791666667      -7.504103784366901E-002
   4.14978583333333        5.92740833333333      -6.896781619318976E-002
   4.14978583333333        6.22367875000000      -6.360144882204133E-002
   4.14978583333333        6.51994916666667      -5.889433776653242E-002
   4.14978583333333        6.81621958333333      -5.466771118004166E-002
   4.14978583333333        7.11249000000000      -5.073488668506353E-002
   4.44605625000000       2.000000000000000E-003 -0.233040464927023     
   4.44605625000000       0.298270416666667      -0.231584781653123     
   4.44605625000000       0.594540833333333      -0.227394774531666     
   4.44605625000000       0.890811250000000      -0.220935808321726     
   4.44605625000000        1.18708166666667      -0.212888090622023     
   4.44605625000000        1.48335208333333      -0.204025125046880     
   4.44605625000000        1.77962250000000      -0.194902196820820     
   4.44605625000000        2.07589291666667      -0.185631946131430     
   4.44605625000000        2.37216333333333      -0.176445715838396     
   4.44605625000000        2.66843375000000      -0.167594441097829     
   4.44605625000000        2.96470416666667      -0.159356092699045     
   4.44605625000000        3.26097458333333      -0.151050653491831     
   4.44605625000000        3.55724500000000      -0.139293288216222     
   4.44605625000000        3.85351541666667      -0.123785541841686     
   4.44605625000000        4.14978583333333      -0.110258938124955     
   4.44605625000000        4.44605625000000      -0.100205840960451     
   4.44605625000000        4.74232666666667      -9.187328383147618E-002
   4.44605625000000        5.03859708333333      -8.441561778000102E-002
   4.44605625000000        5.33486750000000      -7.770782902694411E-002
   4.44605625000000        5.63113791666667      -7.162418881184875E-002
   4.44605625000000        5.92740833333333      -6.605594815787069E-002
   4.44605625000000        6.22367875000000      -6.111844146641380E-002
   4.44605625000000        6.51994916666667      -5.675912225854579E-002
   4.44605625000000        6.81621958333333      -5.280708869148188E-002
   4.44605625000000        7.11249000000000      -4.909517832282223E-002
   4.74232666666667       2.000000000000000E-003 -0.209110876936470     
   4.74232666666667       0.298270416666667      -0.207937677961465     
   4.74232666666667       0.594540833333333      -0.204545210061296     
   4.74232666666667       0.890811250000000      -0.199283009508648     
   4.74232666666667        1.18708166666667      -0.192646034372655     
   4.74232666666667        1.48335208333333      -0.185178917350130     
   4.74232666666667        1.77962250000000      -0.177362558987770     
   4.74232666666667        2.07589291666667      -0.169387840181690     
   4.74232666666667        2.37216333333333      -0.161452777623362     
   4.74232666666667        2.66843375000000      -0.153739150401380     
   4.74232666666667        2.96470416666667      -0.146153071275253     
   4.74232666666667        3.26097458333333      -0.137869201832173     
   4.74232666666667        3.55724500000000      -0.127523739837759     
   4.74232666666667        3.85351541666667      -0.115452782547522     
   4.74232666666667        4.14978583333333      -0.104048378451281     
   4.74232666666667        4.44605625000000      -9.462234925155956E-002
   4.74232666666667        4.74232666666667      -8.679389311146399E-002
   4.74232666666667        5.03859708333333      -7.998730567667760E-002
   4.74232666666667        5.33486750000000      -7.388621079370943E-002
   4.74232666666667        5.63113791666667      -6.825174509113230E-002
   4.74232666666667        5.92740833333333      -6.312389440356800E-002
   4.74232666666667        6.22367875000000      -5.858711596718266E-002
   4.74232666666667        6.51994916666667      -5.456225112283331E-002
   4.74232666666667        6.81621958333333      -5.088578412442939E-002
   4.74232666666667        7.11249000000000      -4.740580874460372E-002
   5.03859708333333       2.000000000000000E-003 -0.188885144616655     
   5.03859708333333       0.298270416666667      -0.187842887091123     
   5.03859708333333       0.594540833333333      -0.184853995079946     
   5.03859708333333       0.890811250000000      -0.180260923461040     
   5.03859708333333        1.18708166666667      -0.174506604286202     
   5.03859708333333        1.48335208333333      -0.168023605841889     
   5.03859708333333        1.77962250000000      -0.161189111877897     
   5.03859708333333        2.07589291666667      -0.154275835104017     
   5.03859708333333        2.37216333333333      -0.147385607477962     
   5.03859708333333        2.66843375000000      -0.140572723019233     
   5.03859708333333        2.96470416666667      -0.133617161324349     
   5.03859708333333        3.26097458333333      -0.125982964627999     
   5.03859708333333        3.55724500000000      -0.117163687094324     
   5.03859708333333        3.85351541666667      -0.107479551442937     
   5.03859708333333        4.14978583333333      -9.802363308236262E-002
   5.03859708333333        4.44605625000000      -8.961737294287497E-002
   5.03859708333333        4.74232666666667      -8.237281909337447E-002
   5.03859708333333        5.03859708333333      -7.602600451238546E-002
   5.03859708333333        5.33486750000000      -7.026408168348131E-002
   5.03859708333333        5.63113791666667      -6.497361853111065E-002
   5.03859708333333        5.92740833333333      -6.023129089825216E-002
   5.03859708333333        6.22367875000000      -5.604519516687782E-002
   5.03859708333333        6.51994916666667      -5.233668592340104E-002
   5.03859708333333        6.81621958333333      -4.896017921161874E-002
   5.03859708333333        7.11249000000000      -4.574818302182688E-002
   5.33486750000000       2.000000000000000E-003 -0.171680783982136     
   5.33486750000000       0.298270416666667      -0.170706064449053     
   5.33486750000000       0.594540833333333      -0.167903680377659     
   5.33486750000000       0.890811250000000      -0.163668041984905     
   5.33486750000000        1.18708166666667      -0.158474889236195     
   5.33486750000000        1.48335208333333      -0.152739874503974     
   5.33486750000000        1.77962250000000      -0.146747053630230     
   5.33486750000000        2.07589291666667      -0.140690126872402     
   5.33486750000000        2.37216333333333      -0.134667496682368     
   5.33486750000000        2.66843375000000      -0.128629800797615     
   5.33486750000000        2.96470416666667      -0.122378425017456     
   5.33486750000000        3.26097458333333      -0.115598658098489     
   5.33486750000000        3.55724500000000      -0.108095059550553     
   5.33486750000000        3.85351541666667      -0.100094507161054     
   5.33486750000000        4.14978583333333      -9.216061691134757E-002
   5.33486750000000        4.44605625000000      -8.479548912893976E-002
   5.33486750000000        4.74232666666667      -7.817328786320270E-002
   5.33486750000000        5.03859708333333      -7.218591470264266E-002
   5.33486750000000        5.33486750000000      -6.672700696161542E-002
   5.33486750000000        5.63113791666667      -6.177687599085054E-002
   5.33486750000000        5.92740833333333      -5.733420516791161E-002
   5.33486750000000        6.22367875000000      -5.345282904942188E-002
   5.33486750000000        6.51994916666667      -5.007385008080149E-002
   5.33486750000000        6.81621958333333      -4.702778463444197E-002
   5.33486750000000        7.11249000000000      -4.411789273724501E-002
   5.63113791666667       2.000000000000000E-003 -0.157092858269501     
   5.63113791666667       0.298270416666667      -0.156157257322787     
   5.63113791666667       0.594540833333333      -0.153482376405144     
   5.63113791666667       0.890811250000000      -0.149492302618570     
   5.63113791666667        1.18708166666667      -0.144708529234329     
   5.63113791666667        1.48335208333333      -0.139552169578218     
   5.63113791666667        1.77962250000000      -0.134244433316341     
   5.63113791666667        2.07589291666667      -0.128902863660155     
   5.63113791666667        2.37216333333333      -0.123555985608461     
   5.63113791666667        2.66843375000000      -0.118145659884921     
   5.63113791666667        2.96470416666667      -0.112525663465302     
   5.63113791666667        3.26097458333333      -0.106520379188880     
   5.63113791666667        3.55724500000000      -0.100053659541111     
   5.63113791666667        3.85351541666667      -9.326535621449361E-002
   5.63113791666667        4.14978583333333      -8.646748598625559E-002
   5.63113791666667        4.44605625000000      -7.996364226485358E-002
   5.63113791666667        4.74232666666667      -7.391685567574512E-002
   5.63113791666667        5.03859708333333      -6.837454217839124E-002
   5.63113791666667        5.33486750000000      -6.330317963764348E-002
   5.63113791666667        5.63113791666667      -5.864258788614410E-002
   5.63113791666667        5.92740833333333      -5.448180544799488E-002
   5.63113791666667        6.22367875000000      -5.089719708824146E-002
   5.63113791666667        6.51994916666667      -4.784649286437306E-002
   5.63113791666667        6.81621958333333      -4.514364580909209E-002
   5.63113791666667        7.11249000000000      -4.253614594822739E-002
   5.92740833333333       2.000000000000000E-003 -0.144926074111508     
   5.92740833333333       0.298270416666667      -0.144028368875347     
   5.92740833333333       0.594540833333333      -0.141419873335361     
   5.92740833333333       0.890811250000000      -0.137533562930653     
   5.92740833333333        1.18708166666667      -0.133008252241525     
   5.92740833333333        1.48335208333333      -0.128283597256773     
   5.92740833333333        1.77962250000000      -0.123512947760566     
   5.92740833333333        2.07589291666667      -0.118707432394845     
   5.92740833333333        2.37216333333333      -0.113884696961637     
   5.92740833333333        2.66843375000000      -0.108982820425907     
   5.92740833333333        2.96470416666667      -0.103897177114293     
   5.92740833333333        3.26097458333333      -9.852485010203482E-002
   5.92740833333333        3.55724500000000      -9.283497338922080E-002
   5.92740833333333        3.85351541666667      -8.691802635190250E-002
   5.92740833333333        4.14978583333333      -8.096730396712529E-002
   5.92740833333333        4.44605625000000      -7.520084651818766E-002
   5.92740833333333        4.74232666666667      -6.977836905809755E-002
   5.92740833333333        5.03859708333333      -6.475220225802059E-002
   5.92740833333333        5.33486750000000      -6.005663913404689E-002
   5.92740833333333        5.63113791666667      -5.571227473367745E-002
   5.92740833333333        5.92740833333333      -5.184241871632197E-002
   5.92740833333333        6.22367875000000      -4.852660989179060E-002
   5.92740833333333        6.51994916666667      -4.576380994072590E-002
   5.92740833333333        6.81621958333333      -4.337512054698411E-002
   5.92740833333333        7.11249000000000      -4.101148518844807E-002
   6.22367875000000       2.000000000000000E-003 -0.134914318255700     
   6.22367875000000       0.298270416666667      -0.134064100141078     
   6.22367875000000       0.594540833333333      -0.131366712130391     
   6.22367875000000       0.890811250000000      -0.127326934053844     
   6.22367875000000        1.18708166666667      -0.122852194062564     
   6.22367875000000        1.48335208333333      -0.118398163531056     
   6.22367875000000        1.77962250000000      -0.114022190658794     
   6.22367875000000        2.07589291666667      -0.109631172604277     
   6.22367875000000        2.37216333333333      -0.105211213115515     
   6.22367875000000        2.66843375000000      -0.100736670638283     
   6.22367875000000        2.96470416666667      -9.613155726155567E-002
   6.22367875000000        3.26097458333333      -9.132317190964542E-002
   6.22367875000000        3.55724500000000      -8.628834934867217E-002
   6.22367875000000        3.85351541666667      -8.108732592369902E-002
   6.22367875000000        4.14978583333333      -7.585813165897276E-002
   6.22367875000000        4.44605625000000      -7.076757219833435E-002
   6.22367875000000        4.74232666666667      -6.594124620370423E-002
   6.22367875000000        5.03859708333333      -6.140296508805886E-002
   6.22367875000000        5.33486750000000      -5.710025601291635E-002
   6.22367875000000        5.63113791666667      -5.312037469709328E-002
   6.22367875000000        5.92740833333333      -4.956587864119694E-002
   6.22367875000000        6.22367875000000      -4.650806165163525E-002
   6.22367875000000        6.51994916666667      -4.396977060652553E-002
   6.22367875000000        6.81621958333333      -4.178667543764542E-002
   6.22367875000000        7.11249000000000      -3.951206987532248E-002
   6.51994916666667       2.000000000000000E-003 -0.126545961271023     
   6.51994916666667       0.298270416666667      -0.125740364674221     
   6.51994916666667       0.594540833333333      -0.122542873957322     
   6.51994916666667       0.890811250000000      -0.118054194414885     
   6.51994916666667        1.18708166666667      -0.113548460031663     
   6.51994916666667        1.48335208333333      -0.109307671429795     
   6.51994916666667        1.77962250000000      -0.105245900823930     
   6.51994916666667        2.07589291666667      -0.101225570132263     
   6.51994916666667        2.37216333333333      -9.718350988940594E-002
   6.51994916666667        2.66843375000000      -9.313047551114628E-002
   6.51994916666667        2.96470416666667      -8.901140885171067E-002
   6.51994916666667        3.26097458333333      -8.476132833690601E-002
   6.51994916666667        3.55724500000000      -8.034556140325766E-002
   6.51994916666667        3.85351541666667      -7.579345371460336E-002
   6.51994916666667        4.14978583333333      -7.120250059247608E-002
   6.51994916666667        4.44605625000000      -6.670218005489077E-002
   6.51994916666667        4.74232666666667      -6.239330852464889E-002
   6.51994916666667        5.03859708333333      -5.829103990881741E-002
   6.51994916666667        5.33486750000000      -5.441649084623797E-002
   6.51994916666667        5.63113791666667      -5.086944250249023E-002
   6.51994916666667        5.92740833333333      -4.772138313020427E-002
   6.51994916666667        6.22367875000000      -4.499658042478146E-002
   6.51994916666667        6.51994916666667      -4.260808367798559E-002
   6.51994916666667        6.81621958333333      -4.036453764635935E-002
   6.51994916666667        7.11249000000000      -3.795861408262161E-002
   6.81621958333333       2.000000000000000E-003 -0.118610619661298     
   6.81621958333333       0.298270416666667      -0.117640335127249     
   6.81621958333333       0.594540833333333      -0.113448309373458     
   6.81621958333333       0.890811250000000      -0.108805536052713     
   6.81621958333333        1.18708166666667      -0.104580448784315     
   6.81621958333333        1.48335208333333      -0.100668829060961     
   6.81621958333333        1.77962250000000      -9.693679120694057E-002
   6.81621958333333        2.07589291666667      -9.329009466678730E-002
   6.81621958333333        2.37216333333333      -8.967110649471868E-002
   6.81621958333333        2.66843375000000      -8.607876467065949E-002
   6.81621958333333        2.96470416666667      -8.246935765981031E-002
   6.81621958333333        3.26097458333333      -7.877226093876037E-002
   6.81621958333333        3.55724500000000      -7.493249948917474E-002
   6.81621958333333        3.85351541666667      -7.095022617158399E-002
   6.81621958333333        4.14978583333333      -6.689485613368211E-002
   6.81621958333333        4.44605625000000      -6.287608402780109E-002
   6.81621958333333        4.74232666666667      -5.899119375902779E-002
   6.81621958333333        5.03859708333333      -5.528561352900497E-002
   6.81621958333333        5.33486750000000      -5.184288902970290E-002
   6.81621958333333        5.63113791666667      -4.877433313213306E-002
   6.81621958333333        5.92740833333333      -4.614146894526991E-002
   6.81621958333333        6.22367875000000      -4.390570533872691E-002
   6.81621958333333        6.51994916666667      -4.172491689701786E-002
   6.81621958333333        6.81621958333333      -3.883675482503070E-002
   6.81621958333333        7.11249000000000      -3.616609477876879E-002
   7.11249000000000       2.000000000000000E-003 -0.109223295373673     
   7.11249000000000       0.298270416666667      -0.107807350887624     
   7.11249000000000       0.594540833333333      -0.103590003071198     
   7.11249000000000       0.890811250000000      -9.963586453286352E-002
   7.11249000000000        1.18708166666667      -9.599518968106491E-002
   7.11249000000000        1.48335208333333      -9.250325795640804E-002
   7.11249000000000        1.77962250000000      -8.913365051601874E-002
   7.11249000000000        2.07589291666667      -8.587795956377062E-002
   7.11249000000000        2.37216333333333      -8.271466034327805E-002
   7.11249000000000        2.66843375000000      -7.959753979574932E-002
   7.11249000000000        2.96470416666667      -7.647862785569354E-002
   7.11249000000000        3.26097458333333      -7.327758494671029E-002
   7.11249000000000        3.55724500000000      -6.992321976140821E-002
   7.11249000000000        3.85351541666667      -6.639830309420187E-002
   7.11249000000000        4.14978583333333      -6.276034601473568E-002
   7.11249000000000        4.44605625000000      -5.911623017219822E-002
   7.11249000000000        4.74232666666667      -5.557449390184094E-002
   7.11249000000000        5.03859708333333      -5.221635580344865E-002
   7.11249000000000        5.33486750000000      -4.916936300175404E-002
   7.11249000000000        5.63113791666667      -4.652815345057761E-002
   7.11249000000000        5.92740833333333      -4.433781434280454E-002
   7.11249000000000        6.22367875000000      -4.253131226856838E-002
   7.11249000000000        6.51994916666667      -4.070415379938998E-002
   7.11249000000000        6.81621958333333      -3.775092363529220E-002
   7.11249000000000        7.11249000000000      -3.410004787949188E-002
