  2.000000000000000E-003  2.000000000000000E-003  -1.79607739257721     
  2.000000000000000E-003  0.298270416666667       -1.75526997318129     
  2.000000000000000E-003  0.594540833333333       -1.52483625777681     
  2.000000000000000E-003  0.890811250000000       -1.21883884647264     
  2.000000000000000E-003   1.18708166666667      -0.950082001677860     
  2.000000000000000E-003   1.48335208333333      -0.741046667511306     
  2.000000000000000E-003   1.77962250000000      -0.583893709003864     
  2.000000000000000E-003   2.07589291666667      -0.467081704924010     
  2.000000000000000E-003   2.37216333333333      -0.380691927699461     
  2.000000000000000E-003   2.66843375000000      -0.316593627200471     
  2.000000000000000E-003   2.96470416666667      -0.268846519104917     
  2.000000000000000E-003   3.26097458333333      -0.232775223320083     
  2.000000000000000E-003   3.55724500000000      -0.204656126488157     
  2.000000000000000E-003   3.85351541666667      -0.181799745391988     
  2.000000000000000E-003   4.14978583333333      -0.162533548885826     
  2.000000000000000E-003   4.44605625000000      -0.145989886843577     
  2.000000000000000E-003   4.74232666666667      -0.131763860638620     
  2.000000000000000E-003   5.03859708333333      -0.119601753374608     
  2.000000000000000E-003   5.33486750000000      -0.109223378994808     
  2.000000000000000E-003   5.63113791666667      -0.100431351998760     
  2.000000000000000E-003   5.92740833333333      -9.305604757327232E-002
  2.000000000000000E-003   6.22367875000000      -8.682690035617337E-002
  2.000000000000000E-003   6.51994916666667      -8.090646717478039E-002
  2.000000000000000E-003   6.81621958333333      -7.332107467030653E-002
  2.000000000000000E-003   7.11249000000000      -6.534502008794464E-002
  0.298270416666667       2.000000000000000E-003  -1.75526944376017     
  0.298270416666667       0.298270416666667       -1.69430315720553     
  0.298270416666667       0.594540833333333       -1.46424910242010     
  0.298270416666667       0.890811250000000       -1.17687723354262     
  0.298270416666667        1.18708166666667      -0.923707901652034     
  0.298270416666667        1.48335208333333      -0.724468357615337     
  0.298270416666667        1.77962250000000      -0.573256501784474     
  0.298270416666667        2.07589291666667      -0.460063593475675     
  0.298270416666667        2.37216333333333      -0.375915685214382     
  0.298270416666667        2.66843375000000      -0.313275585819555     
  0.298270416666667        2.96470416666667      -0.266490983756797     
  0.298270416666667        3.26097458333333      -0.231055630946079     
  0.298270416666667        3.55724500000000      -0.203358583689950     
  0.298270416666667        3.85351541666667      -0.180786117226219     
  0.298270416666667        4.14978583333333      -0.161718117203513     
  0.298270416666667        4.44605625000000      -0.145317919846652     
  0.298270416666667        4.74232666666667      -0.131193951602929     
  0.298270416666667        5.03859708333333      -0.119095383053932     
  0.298270416666667        5.33486750000000      -0.108747530022627     
  0.298270416666667        5.63113791666667      -9.994247773964521E-002
  0.298270416666667        5.92740833333333      -9.249868074634977E-002
  0.298270416666667        6.22367875000000      -8.613546934206015E-002
  0.298270416666667        6.51994916666667      -8.008918547411983E-002
  0.298270416666667        6.81621958333333      -7.257274701934205E-002
  0.298270416666667        7.11249000000000      -6.404251198911275E-002
  0.594540833333333       2.000000000000000E-003  -1.52483555916657     
  0.594540833333333       0.298270416666667       -1.46424872213226     
  0.594540833333333       0.594540833333333       -1.28687646734144     
  0.594540833333333       0.890811250000000       -1.06090466864942     
  0.594540833333333        1.18708166666667      -0.850782063621277     
  0.594540833333333        1.48335208333333      -0.678184790469993     
  0.594540833333333        1.77962250000000      -0.543289291290571     
  0.594540833333333        2.07589291666667      -0.440163056483094     
  0.594540833333333        2.37216333333333      -0.362355833498639     
  0.594540833333333        2.66843375000000      -0.303844820452831     
  0.594540833333333        2.96470416666667      -0.259791011503462     
  0.594540833333333        3.26097458333333      -0.226161055689029     
  0.594540833333333        3.55724500000000      -0.199662747043566     
  0.594540833333333        3.85351541666667      -0.177899682390446     
  0.594540833333333        4.14978583333333      -0.159397377645951     
  0.594540833333333        4.44605625000000      -0.143405818960321     
  0.594540833333333        4.74232666666667      -0.129574259311176     
  0.594540833333333        5.03859708333333      -0.117660457825505     
  0.594540833333333        5.33486750000000      -0.107405671344995     
  0.594540833333333        5.63113791666667      -9.858064335032331E-002
  0.594540833333333        5.92740833333333      -9.096676571304005E-002
  0.594540833333333        6.22367875000000      -8.422606820334798E-002
  0.594540833333333        6.51994916666667      -7.760400396578947E-002
  0.594540833333333        6.81621958333333      -6.983651311760460E-002
  0.594540833333333        7.11249000000000      -6.174503820576712E-002
  0.890811250000000       2.000000000000000E-003  -1.21883894621407     
  0.890811250000000       0.298270416666667       -1.17687742420902     
  0.890811250000000       0.594540833333333       -1.06090491813427     
  0.890811250000000       0.890811250000000      -0.905225646445926     
  0.890811250000000        1.18708166666667      -0.748631009523530     
  0.890811250000000        1.48335208333333      -0.611460816444002     
  0.890811250000000        1.77962250000000      -0.499093399110530     
  0.890811250000000        2.07589291666667      -0.410368229325541     
  0.890811250000000        2.37216333333333      -0.341901126421955     
  0.890811250000000        2.66843375000000      -0.289568177371656     
  0.890811250000000        2.96470416666667      -0.249629422186788     
  0.890811250000000        3.26097458333333      -0.218733164473007     
  0.890811250000000        3.55724500000000      -0.194054238594001     
  0.890811250000000        3.85351541666667      -0.173520362686625     
  0.890811250000000        4.14978583333333      -0.155874772230814     
  0.890811250000000        4.44605625000000      -0.140500284514564     
  0.890811250000000        4.74232666666667      -0.127114543585199     
  0.890811250000000        5.03859708333333      -0.115502694021431     
  0.890811250000000        5.33486750000000      -0.105411119547113     
  0.890811250000000        5.63113791666667      -9.661005459174135E-002
  0.890811250000000        5.92740833333333      -8.885157609929853E-002
  0.890811250000000        6.22367875000000      -8.179167140298400E-002
  0.890811250000000        6.51994916666667      -7.488545237237042E-002
  0.890811250000000        6.81621958333333      -6.766737376067623E-002
  0.890811250000000        7.11249000000000      -6.091772972175849E-002
   1.18708166666667       2.000000000000000E-003 -0.950082853467986     
   1.18708166666667       0.298270416666667      -0.923708764614347     
   1.18708166666667       0.594540833333333      -0.850782792345060     
   1.18708166666667       0.890811250000000      -0.748631416091437     
   1.18708166666667        1.18708166666667      -0.638664498087024     
   1.18708166666667        1.48335208333333      -0.535898336652648     
   1.18708166666667        1.77962250000000      -0.447296208414964     
   1.18708166666667        2.07589291666667      -0.374690693949923     
   1.18708166666667        2.37216333333333      -0.317072000744579     
   1.18708166666667        2.66843375000000      -0.272059950791247     
   1.18708166666667        2.96470416666667      -0.237075604889667     
   1.18708166666667        3.26097458333333      -0.209526946582683     
   1.18708166666667        3.55724500000000      -0.187105894991296     
   1.18708166666667        3.85351541666667      -0.168099915610328     
   1.18708166666667        4.14978583333333      -0.151510750721227     
   1.18708166666667        4.44605625000000      -0.136894040053583     
   1.18708166666667        4.74232666666667      -0.124061967018756     
   1.18708166666667        5.03859708333333      -0.112846280840677     
   1.18708166666667        5.33486750000000      -0.103004787141999     
   1.18708166666667        5.63113791666667      -9.431846941563173E-002
   1.18708166666667        5.92740833333333      -8.656372732525108E-002
   1.18708166666667        6.22367875000000      -7.946890978517754E-002
   1.18708166666667        6.51994916666667      -7.273737612144755E-002
   1.18708166666667        6.81621958333333      -6.626444395199295E-002
   1.18708166666667        7.11249000000000      -6.044597330210878E-002
   1.48335208333333       2.000000000000000E-003 -0.741047943799274     
   1.48335208333333       0.298270416666667      -0.724469630951031     
   1.48335208333333       0.594540833333333      -0.678185880482154     
   1.48335208333333       0.890811250000000      -0.611461574146699     
   1.48335208333333        1.18708166666667      -0.535898699053865     
   1.48335208333333        1.48335208333333      -0.461448105125388     
   1.48335208333333        1.77962250000000      -0.394213686129886     
   1.48335208333333        2.07589291666667      -0.337112866271944     
   1.48335208333333        2.37216333333333      -0.290268708710874     
   1.48335208333333        2.66843375000000      -0.252720184689083     
   1.48335208333333        2.96470416666667      -0.222949860012777     
   1.48335208333333        3.26097458333333      -0.199141072258088     
   1.48335208333333        3.55724500000000      -0.179292752415141     
   1.48335208333333        3.85351541666667      -0.162024452965364     
   1.48335208333333        4.14978583333333      -0.146603702014810     
   1.48335208333333        4.44605625000000      -0.132823602449489     
   1.48335208333333        4.74232666666667      -0.120617882498270     
   1.48335208333333        5.03859708333333      -0.109865927483083     
   1.48335208333333        5.33486750000000      -0.100367918391651     
   1.48335208333333        5.63113791666667      -9.189805491948856E-002
   1.48335208333333        5.92740833333333      -8.429445961917330E-002
   1.48335208333333        6.22367875000000      -7.738047785634114E-002
   1.48335208333333        6.51994916666667      -7.099543965758692E-002
   1.48335208333333        6.81621958333333      -6.508724291219069E-002
   1.48335208333333        7.11249000000000      -5.978996720490763E-002
   1.77962250000000       2.000000000000000E-003 -0.583895134851816     
   1.77962250000000       0.298270416666667      -0.573257932318457     
   1.77962250000000       0.594540833333333      -0.543290555484836     
   1.77962250000000       0.890811250000000      -0.499094366220663     
   1.77962250000000        1.18708166666667      -0.447296819443801     
   1.77962250000000        1.48335208333333      -0.394213959034833     
   1.77962250000000        1.77962250000000      -0.344531549740310     
   1.77962250000000        2.07589291666667      -0.300570920409338     
   1.77962250000000        2.37216333333333      -0.263176102946446     
   1.77962250000000        2.66843375000000      -0.232759585681662     
   1.77962250000000        2.96470416666667      -0.208374976256183     
   1.77962250000000        3.26097458333333      -0.188407405359921     
   1.77962250000000        3.55724500000000      -0.171228573755371     
   1.77962250000000        3.85351541666667      -0.155693592020031     
   1.77962250000000        4.14978583333333      -0.141424216506070     
   1.77962250000000        4.44605625000000      -0.128466000223158     
   1.77962250000000        4.74232666666667      -0.116905118081884     
   1.77962250000000        5.03859708333333      -0.106672823884384     
   1.77962250000000        5.33486750000000      -9.756142318973103E-002
   1.77962250000000        5.63113791666667      -8.940134827589483E-002
   1.77962250000000        5.92740833333333      -8.205173433051256E-002
   1.77962250000000        6.22367875000000      -7.541537079966283E-002
   1.77962250000000        6.51994916666667      -6.938109913753425E-002
   1.77962250000000        6.81621958333333      -6.387860434742998E-002
   1.77962250000000        7.11249000000000      -5.890224543336247E-002
   2.07589291666667       2.000000000000000E-003 -0.467083088390620     
   2.07589291666667       0.298270416666667      -0.460064991627738     
   2.07589291666667       0.594540833333333      -0.440164330880842     
   2.07589291666667       0.890811250000000      -0.410369263336977     
   2.07589291666667        1.18708166666667      -0.374691440324148     
   2.07589291666667        1.48335208333333      -0.337113327046081     
   2.07589291666667        1.77962250000000      -0.300571128395183     
   2.07589291666667        2.07589291666667      -0.266884852501202     
   2.07589291666667        2.37216333333333      -0.237872948639835     
   2.07589291666667        2.66843375000000      -0.213978110950050     
   2.07589291666667        2.96470416666667      -0.194583807312550     
   2.07589291666667        3.26097458333333      -0.178310332809024     
   2.07589291666667        3.55724500000000      -0.163613148035572     
   2.07589291666667        3.85351541666667      -0.149573345737066     
   2.07589291666667        4.14978583333333      -0.136240743544108     
   2.07589291666667        4.44605625000000      -0.124014515937982     
   2.07589291666667        4.74232666666667      -0.113074265298513     
   2.07589291666667        5.03859708333333      -0.103345582912667     
   2.07589291666667        5.33486750000000      -9.463809421802115E-002
   2.07589291666667        5.63113791666667      -8.679749501692026E-002
   2.07589291666667        5.92740833333333      -7.975085886873523E-002
   2.07589291666667        6.22367875000000      -7.342234173410077E-002
   2.07589291666667        6.51994916666667      -6.771681914496082E-002
   2.07589291666667        6.81621958333333      -6.253649295001470E-002
   2.07589291666667        7.11249000000000      -5.779685834067877E-002
   2.37216333333333       2.000000000000000E-003 -0.380693160456188     
   2.37216333333333       0.298270416666667      -0.375916954173748     
   2.37216333333333       0.594540833333333      -0.362357033639395     
   2.37216333333333       0.890811250000000      -0.341902164730755     
   2.37216333333333        1.18708166666667      -0.317072817479203     
   2.37216333333333        1.48335208333333      -0.290269285707062     
   2.37216333333333        1.77962250000000      -0.263176458794619     
   2.37216333333333        2.07589291666667      -0.237873112033628     
   2.37216333333333        2.37216333333333      -0.215814354743876     
   2.37216333333333        2.66843375000000      -0.197435241194201     
   2.37216333333333        2.96470416666667      -0.182441461156842     
   2.37216333333333        3.26097458333333      -0.169570633485009     
   2.37216333333333        3.55724500000000      -0.156976446991718     
   2.37216333333333        3.85351541666667      -0.143883930177243     
   2.37216333333333        4.14978583333333      -0.131119103673632     
   2.37216333333333        4.44605625000000      -0.119521921575744     
   2.37216333333333        4.74232666666667      -0.109194639493185     
   2.37216333333333        5.03859708333333      -9.995744459043004E-002
   2.37216333333333        5.33486750000000      -9.163195596067279E-002
   2.37216333333333        5.63113791666667      -8.409971788449168E-002
   2.37216333333333        5.92740833333333      -7.734000086336788E-002
   2.37216333333333        6.22367875000000      -7.130547331699524E-002
   2.37216333333333        6.51994916666667      -6.589821583634800E-002
   2.37216333333333        6.81621958333333      -6.099200035755516E-002
   2.37216333333333        7.11249000000000      -5.647185669332174E-002
   2.66843375000000       2.000000000000000E-003 -0.316594703804257     
   2.66843375000000       0.298270416666667      -0.313276717327710     
   2.66843375000000       0.594540833333333      -0.303845923553756     
   2.66843375000000       0.890811250000000      -0.289569169134831     
   2.66843375000000        1.18708166666667      -0.272060770412474     
   2.66843375000000        1.48335208333333      -0.252720808912787     
   2.66843375000000        1.77962250000000      -0.232760026836583     
   2.66843375000000        2.07589291666667      -0.213978383245897     
   2.66843375000000        2.37216333333333      -0.197435361696141     
   2.66843375000000        2.66843375000000      -0.183623133121705     
   2.66843375000000        2.96470416666667      -0.172410005619566     
   2.66843375000000        3.26097458333333      -0.162505660291087     
   2.66843375000000        3.55724500000000      -0.151393421841586     
   2.66843375000000        3.85351541666667      -0.138374335158980     
   2.66843375000000        4.14978583333333      -0.125892705058895     
   2.66843375000000        4.44605625000000      -0.114990608819257     
   2.66843375000000        4.74232666666667      -0.105281649913228     
   2.66843375000000        5.03859708333333      -9.649399435370941E-002
   2.66843375000000        5.33486750000000      -8.851949617379866E-002
   2.66843375000000        5.63113791666667      -8.129256908608559E-002
   2.66843375000000        5.92740833333333      -7.482114403192322E-002
   2.66843375000000        6.22367875000000      -6.907284469082305E-002
   2.66843375000000        6.51994916666667      -6.394034439994964E-002
   2.66843375000000        6.81621958333333      -5.928145321466986E-002
   2.66843375000000        7.11249000000000      -5.496783731235002E-002
   2.96470416666667       2.000000000000000E-003 -0.268847407098849     
   2.96470416666667       0.298270416666667      -0.266491938576149     
   2.96470416666667       0.594540833333333      -0.259791966971616     
   2.96470416666667       0.890811250000000      -0.249630307004746     
   2.96470416666667        1.18708166666667      -0.237076362419006     
   2.96470416666667        1.48335208333333      -0.222950466172350     
   2.96470416666667        1.77962250000000      -0.208375434327231     
   2.96470416666667        2.07589291666667      -0.194584119724127     
   2.96470416666667        2.37216333333333      -0.182441639288830     
   2.96470416666667        2.66843375000000      -0.172410076607159     
   2.96470416666667        2.96470416666667      -0.164129981281564     
   2.96470416666667        3.26097458333333      -0.156141072271712     
   2.96470416666667        3.55724500000000      -0.145735408670410     
   2.96470416666667        3.85351541666667      -0.132212218811968     
   2.96470416666667        4.14978583333333      -0.120530180699833     
   2.96470416666667        4.44605625000000      -0.110549119685134     
   2.96470416666667        4.74232666666667      -0.101334346998654     
   2.96470416666667        5.03859708333333      -9.288532356613079E-002
   2.96470416666667        5.33486750000000      -8.522075501143558E-002
   2.96470416666667        5.63113791666667      -7.831374489391324E-002
   2.96470416666667        5.92740833333333      -7.215641363720059E-002
   2.96470416666667        6.22367875000000      -6.670671530005910E-002
   2.96470416666667        6.51994916666667      -6.184678013534169E-002
   2.96470416666667        6.81621958333333      -5.742688733979170E-002
   2.96470416666667        7.11249000000000      -5.331716343135134E-002
   3.26097458333333       2.000000000000000E-003 -0.232775898934273     
   3.26097458333333       0.298270416666667      -0.231056378815763     
   3.26097458333333       0.594540833333333      -0.226161825541333     
   3.26097458333333       0.890811250000000      -0.218733898734647     
   3.26097458333333        1.18708166666667      -0.209527595110996     
   3.26097458333333        1.48335208333333      -0.199141607972401     
   3.26097458333333        1.77962250000000      -0.188407819766458     
   3.26097458333333        2.07589291666667      -0.178310616569480     
   3.26097458333333        2.37216333333333      -0.169570795163461     
   3.26097458333333        2.66843375000000      -0.162505735256480     
   3.26097458333333        2.96470416666667      -0.156141102770923     
   3.26097458333333        3.26097458333333      -0.147172952556540     
   3.26097458333333        3.55724500000000      -0.136557806968177     
   3.26097458333333        3.85351541666667      -0.125101512031539     
   3.26097458333333        4.14978583333333      -0.115468789945285     
   3.26097458333333        4.44605625000000      -0.106007375924575     
   3.26097458333333        4.74232666666667      -9.707524717748060E-002
   3.26097458333333        5.03859708333333      -8.897181885000406E-002
   3.26097458333333        5.33486750000000      -8.165840464660737E-002
   3.26097458333333        5.63113791666667      -7.510054639476603E-002
   3.26097458333333        5.92740833333333      -6.929744535118910E-002
   3.26097458333333        6.22367875000000      -6.416460380218991E-002
   3.26097458333333        6.51994916666667      -5.958007182740178E-002
   3.26097458333333        6.81621958333333      -5.539702997958101E-002
   3.26097458333333        7.11249000000000      -5.149341225984813E-002
   3.55724500000000       2.000000000000000E-003 -0.204656598646939     
   3.55724500000000       0.298270416666667      -0.203359128381002     
   3.55724500000000       0.594540833333333      -0.199663327870858     
   3.55724500000000       0.890811250000000      -0.194054811365742     
   3.55724500000000        1.18708166666667      -0.187106417032610     
   3.55724500000000        1.48335208333333      -0.179293193444300     
   3.55724500000000        1.77962250000000      -0.171228911475635     
   3.55724500000000        2.07589291666667      -0.163613361704009     
   3.55724500000000        2.37216333333333      -0.156976541522235     
   3.55724500000000        2.66843375000000      -0.151393444269189     
   3.55724500000000        2.96470416666667      -0.145735424663923     
   3.55724500000000        3.26097458333333      -0.136557826774080     
   3.55724500000000        3.55724500000000      -0.125527805364185     
   3.55724500000000        3.85351541666667      -0.116848299923697     
   3.55724500000000        4.14978583333333      -0.107912771195203     
   3.55724500000000        4.44605625000000      -9.964676377254202E-002
   3.55724500000000        4.74232666666667      -9.187320785942932E-002
   3.55724500000000        5.03859708333333      -8.457824063247422E-002
   3.55724500000000        5.33486750000000      -7.780139797972116E-002
   3.55724500000000        5.63113791666667      -7.165336771682454E-002
   3.55724500000000        5.92740833333333      -6.622741565005849E-002
   3.55724500000000        6.22367875000000      -6.141797373184803E-002
   3.55724500000000        6.51994916666667      -5.710555802766400E-002
   3.55724500000000        6.81621958333333      -5.315589182181987E-002
   3.55724500000000        7.11249000000000      -4.946227514055351E-002
   3.85351541666667       2.000000000000000E-003 -0.181800054969390     
   3.85351541666667       0.298270416666667      -0.180786496199049     
   3.85351541666667       0.594540833333333      -0.177900104867741     
   3.85351541666667       0.890811250000000      -0.173520794443753     
   3.85351541666667        1.18708166666667      -0.168100321731061     
   3.85351541666667        1.48335208333333      -0.162024804575669     
   3.85351541666667        1.77962250000000      -0.155693856886693     
   3.85351541666667        2.07589291666667      -0.149573493706336     
   3.85351541666667        2.37216333333333      -0.143883961944990     
   3.85351541666667        2.66843375000000      -0.138374306358639     
   3.85351541666667        2.96470416666667      -0.132212228789521     
   3.85351541666667        3.26097458333333      -0.125101600588074     
   3.85351541666667        3.55724500000000      -0.116848397553351     
   3.85351541666667        3.85351541666667      -0.103330159975949     
   3.85351541666667        4.14978583333333      -9.600267706229011E-002
   3.85351541666667        4.44605625000000      -9.133265797836045E-002
   3.85351541666667        4.74232666666667      -8.588975611437134E-002
   3.85351541666667        5.03859708333333      -7.983654808967230E-002
   3.85351541666667        5.33486750000000      -7.374095342864057E-002
   3.85351541666667        5.63113791666667      -6.803429788515776E-002
   3.85351541666667        5.92740833333333      -6.297566950546973E-002
   3.85351541666667        6.22367875000000      -5.847515855452837E-002
   3.85351541666667        6.51994916666667      -5.442129783849348E-002
   3.85351541666667        6.81621958333333      -5.069769846564916E-002
   3.85351541666667        7.11249000000000      -4.721741472716828E-002
   4.14978583333333       2.000000000000000E-003 -0.162533756467185     
   4.14978583333333       0.298270416666667      -0.161718386451357     
   4.14978583333333       0.594540833333333      -0.159397689163741     
   4.14978583333333       0.890811250000000      -0.155875098747688     
   4.14978583333333        1.18708166666667      -0.151511065198830     
   4.14978583333333        1.48335208333333      -0.146603984843983     
   4.14978583333333        1.77962250000000      -0.141424435103407     
   4.14978583333333        2.07589291666667      -0.136240861857969     
   4.14978583333333        2.37216333333333      -0.131119116634964     
   4.14978583333333        2.66843375000000      -0.125892661777830     
   4.14978583333333        2.96470416666667      -0.120530179187172     
   4.14978583333333        3.26097458333333      -0.115468894904502     
   4.14978583333333        3.55724500000000      -0.107912919650629     
   4.14978583333333        3.85351541666667      -9.600276884658279E-002
   4.14978583333333        4.14978583333333      -8.856858295036979E-002
   4.14978583333333        4.44605625000000      -8.459831001601860E-002
   4.14978583333333        4.74232666666667      -8.031243443285717E-002
   4.14978583333333        5.03859708333333      -7.513579459694855E-002
   4.14978583333333        5.33486750000000      -6.961191902182859E-002
   4.14978583333333        5.63113791666667      -6.431607913383522E-002
   4.14978583333333        5.92740833333333      -5.959522837409595E-002
   4.14978583333333        6.22367875000000      -5.537677557496606E-002
   4.14978583333333        6.51994916666667      -5.156177550569897E-002
   4.14978583333333        6.81621958333333      -4.805544595354140E-002
   4.14978583333333        7.11249000000000      -4.479130437283062E-002
   4.44605625000000       2.000000000000000E-003 -0.145990040410195     
   4.44605625000000       0.298270416666667      -0.145318123893837     
   4.44605625000000       0.594540833333333      -0.143406058363981     
   4.44605625000000       0.890811250000000      -0.140500537066350     
   4.44605625000000        1.18708166666667      -0.136894285041283     
   4.44605625000000        1.48335208333333      -0.132823829547704     
   4.44605625000000        1.77962250000000      -0.128466195125683     
   4.44605625000000        2.07589291666667      -0.124014638131640     
   4.44605625000000        2.37216333333333      -0.119521956422834     
   4.44605625000000        2.66843375000000      -0.114990584283938     
   4.44605625000000        2.96470416666667      -0.110549101340335     
   4.44605625000000        3.26097458333333      -0.106007423364019     
   4.44605625000000        3.55724500000000      -9.964687333892772E-002
   4.44605625000000        3.85351541666667      -9.133277203420485E-002
   4.44605625000000        4.14978583333333      -8.459837356900062E-002
   4.44605625000000        4.44605625000000      -7.993243119000305E-002
   4.44605625000000        4.74232666666667      -7.552562840589462E-002
   4.44605625000000        5.03859708333333      -7.063634280878975E-002
   4.44605625000000        5.33486750000000      -6.547630352008350E-002
   4.44605625000000        5.63113791666667      -6.054621020790980E-002
   4.44605625000000        5.92740833333333      -5.613384528449127E-002
   4.44605625000000        6.22367875000000      -5.217061407860256E-002
   4.44605625000000        6.51994916666667      -4.857551023922138E-002
   4.44605625000000        6.81621958333333      -4.528079471549344E-002
   4.44605625000000        7.11249000000000      -4.223690972553325E-002
   4.74232666666667       2.000000000000000E-003 -0.131763964787293     
   4.74232666666667       0.298270416666667      -0.131194096621652     
   4.74232666666667       0.594540833333333      -0.129574437935489     
   4.74232666666667       0.890811250000000      -0.127114737314618     
   4.74232666666667        1.18708166666667      -0.124062156618735     
   4.74232666666667        1.48335208333333      -0.120618059978098     
   4.74232666666667        1.77962250000000      -0.116905290130527     
   4.74232666666667        2.07589291666667      -0.113074402130905     
   4.74232666666667        2.37216333333333      -0.109194712662414     
   4.74232666666667        2.66843375000000      -0.105281664239739     
   4.74232666666667        2.96470416666667      -0.101334339018936     
   4.74232666666667        3.26097458333333      -9.707526465573557E-002
   4.74232666666667        3.55724500000000      -9.187327463265947E-002
   4.74232666666667        3.85351541666667      -8.588985333996699E-002
   4.74232666666667        4.14978583333333      -8.031251985924207E-002
   4.74232666666667        4.44605625000000      -7.552567275838142E-002
   4.74232666666667        4.74232666666667      -7.094222042248323E-002
   4.74232666666667        5.03859708333333      -6.616329696885083E-002
   4.74232666666667        5.33486750000000      -6.129968818795575E-002
   4.74232666666667        5.63113791666667      -5.673912237097581E-002
   4.74232666666667        5.92740833333333      -5.261824919405772E-002
   4.74232666666667        6.22367875000000      -4.888214596075469E-002
   4.74232666666667        6.51994916666667      -4.549148199963083E-002
   4.74232666666667        6.81621958333333      -4.241004766853881E-002
   4.74232666666667        7.11249000000000      -3.959597254187197E-002
   5.03859708333333       2.000000000000000E-003 -0.119601776440112     
   5.03859708333333       0.298270416666667      -0.119095440623450     
   5.03859708333333       0.594540833333333      -0.117660557945242     
   5.03859708333333       0.890811250000000      -0.115502831159933     
   5.03859708333333        1.18708166666667      -0.112846427165951     
   5.03859708333333        1.48335208333333      -0.109866066784484     
   5.03859708333333        1.77962250000000      -0.106672959167886     
   5.03859708333333        2.07589291666667      -0.103345720235167     
   5.03859708333333        2.37216333333333      -9.995754987361530E-002
   5.03859708333333        2.66843375000000      -9.649405084611043E-002
   5.03859708333333        2.96470416666667      -9.288534517511123E-002
   5.03859708333333        3.26097458333333      -8.897183849522317E-002
   5.03859708333333        3.55724500000000      -8.457828747469903E-002
   5.03859708333333        3.85351541666667      -7.983662505082047E-002
   5.03859708333333        4.14978583333333      -7.513587990284057E-002
   5.03859708333333        4.44605625000000      -7.063641030507410E-002
   5.03859708333333        4.74232666666667      -6.616333199801032E-002
   5.03859708333333        5.03859708333333      -6.160444255171386E-002
   5.03859708333333        5.33486750000000      -5.711325797976684E-002
   5.03859708333333        5.63113791666667      -5.292093926462721E-002
   5.03859708333333        5.92740833333333      -4.904164409424546E-002
   5.03859708333333        6.22367875000000      -4.548780830570448E-002
   5.03859708333333        6.51994916666667      -4.228546841775148E-002
   5.03859708333333        6.81621958333333      -3.943824335471373E-002
   5.03859708333333        7.11249000000000      -3.687601535576633E-002
   5.33486750000000       2.000000000000000E-003 -0.109223405783589     
   5.33486750000000       0.298270416666667      -0.108747581293122     
   5.33486750000000       0.594540833333333      -0.107405759167495     
   5.33486750000000       0.890811250000000      -0.105411237140635     
   5.33486750000000        1.18708166666667      -0.103004915784352     
   5.33486750000000        1.48335208333333      -0.100368044039309     
   5.33486750000000        1.77962250000000      -9.756154132260418E-002
   5.33486750000000        2.07589291666667      -9.463821176284765E-002
   5.33486750000000        2.37216333333333      -9.163207224574824E-002
   5.33486750000000        2.66843375000000      -8.851958460274129E-002
   5.33486750000000        2.96470416666667      -8.522080932886036E-002
   5.33486750000000        3.26097458333333      -8.165844236385106E-002
   5.33486750000000        3.55724500000000      -7.780144499025977E-002
   5.33486750000000        3.85351541666667      -7.374102209513554E-002
   5.33486750000000        4.14978583333333      -6.961200347322011E-002
   5.33486750000000        4.44605625000000      -6.547638537416681E-002
   5.33486750000000        4.74232666666667      -6.129974945711310E-002
   5.33486750000000        5.03859708333333      -5.711328858098099E-002
   5.33486750000000        5.33486750000000      -5.303256775178576E-002
   5.33486750000000        5.63113791666667      -4.909889566232939E-002
   5.33486750000000        5.92740833333333      -4.535931895581804E-002
   5.33486750000000        6.22367875000000      -4.197004503036719E-002
   5.33486750000000        6.51994916666667      -3.899456759316294E-002
   5.33486750000000        6.81621958333333      -3.640378576052852E-002
   5.33486750000000        7.11249000000000      -3.410019776687388E-002
   5.63113791666667       2.000000000000000E-003 -0.100431430552860     
   5.63113791666667       0.298270416666667      -9.994257809633263E-002
   5.63113791666667       0.594540833333333      -9.858077639808006E-002
   5.63113791666667       0.890811250000000      -9.661021481435363E-002
   5.63113791666667        1.18708166666667      -9.431863522626116E-002
   5.63113791666667        1.48335208333333      -9.189820364724569E-002
   5.63113791666667        1.77962250000000      -8.940147903476942E-002
   5.63113791666667        2.07589291666667      -8.679761754044420E-002
   5.63113791666667        2.37216333333333      -8.409983475533189E-002
   5.63113791666667        2.66843375000000      -8.129267366253119E-002
   5.63113791666667        2.96470416666667      -7.831382813879909E-002
   5.63113791666667        3.26097458333333      -7.510061196687680E-002
   5.63113791666667        3.55724500000000      -7.165343247731727E-002
   5.63113791666667        3.85351541666667      -6.803437732661877E-002
   5.63113791666667        4.14978583333333      -6.431617365454065E-002
   5.63113791666667        4.44605625000000      -6.054630692367427E-002
   5.63113791666667        4.74232666666667      -5.673920311625016E-002
   5.63113791666667        5.03859708333333      -5.292099279955536E-002
   5.63113791666667        5.33486750000000      -4.909892048974811E-002
   5.63113791666667        5.63113791666667      -4.529079848951143E-002
   5.63113791666667        5.92740833333333      -4.169454785923578E-002
   5.63113791666667        6.22367875000000      -3.846406897446977E-002
   5.63113791666667        6.51994916666667      -3.569271688806519E-002
   5.63113791666667        6.81621958333333      -3.334477322156397E-002
   5.63113791666667        7.11249000000000      -3.126357027896411E-002
   5.92740833333333       2.000000000000000E-003 -9.305617770129287E-002
   5.92740833333333       0.298270416666667      -9.249882706373834E-002
   5.92740833333333       0.594540833333333      -9.096693804617534E-002
   5.92740833333333       0.890811250000000      -8.885177434486774E-002
   5.92740833333333        1.18708166666667      -8.656393499216067E-002
   5.92740833333333        1.48335208333333      -8.429465084677225E-002
   5.92740833333333        1.77962250000000      -8.205189653492480E-002
   5.92740833333333        2.07589291666667      -7.975100668712561E-002
   5.92740833333333        2.37216333333333      -7.734013964069343E-002
   5.92740833333333        2.66843375000000      -7.482126969910521E-002
   5.92740833333333        2.96470416666667      -7.215652240067803E-002
   5.92740833333333        3.26097458333333      -6.929754057511509E-002
   5.92740833333333        3.55724500000000      -6.622750810134306E-002
   5.92740833333333        3.85351541666667      -6.297576961728038E-002
   5.92740833333333        4.14978583333333      -5.959533705412548E-002
   5.92740833333333        4.44605625000000      -5.613395255982847E-002
   5.92740833333333        4.74232666666667      -5.261834090289222E-002
   5.92740833333333        5.03859708333333      -4.904171087216706E-002
   5.92740833333333        5.33486750000000      -4.535936251400452E-002
   5.92740833333333        5.63113791666667      -4.169457965716193E-002
   5.92740833333333        5.92740833333333      -3.821391510236680E-002
   5.92740833333333        6.22367875000000      -3.507373650514189E-002
   5.92740833333333        6.51994916666667      -3.242692768146285E-002
   5.92740833333333        6.81621958333333      -3.026872796061954E-002
   5.92740833333333        7.11249000000000      -2.832756719028016E-002
   6.22367875000000       2.000000000000000E-003 -8.682705999584071E-002
   6.22367875000000       0.298270416666667      -8.613562676216145E-002
   6.22367875000000       0.594540833333333      -8.422624118252958E-002
   6.22367875000000       0.890811250000000      -8.179187358828047E-002
   6.22367875000000        1.18708166666667      -7.946913134431274E-002
   6.22367875000000        1.48335208333333      -7.738069220835544E-002
   6.22367875000000        1.77962250000000      -7.541555962416284E-002
   6.22367875000000        2.07589291666667      -7.342251521965841E-002
   6.22367875000000        2.37216333333333      -7.130563842235006E-002
   6.22367875000000        2.66843375000000      -6.907299453753113E-002
   6.22367875000000        2.96470416666667      -6.670684538491896E-002
   6.22367875000000        3.26097458333333      -6.416471700578726E-002
   6.22367875000000        3.55724500000000      -6.141807935685945E-002
   6.22367875000000        3.85351541666667      -5.847526595238856E-002
   6.22367875000000        4.14978583333333      -5.537688662543983E-002
   6.22367875000000        4.44605625000000      -5.217072143936115E-002
   6.22367875000000        4.74232666666667      -4.888223800684560E-002
   6.22367875000000        5.03859708333333      -4.548787798666484E-002
   6.22367875000000        5.33486750000000      -4.197010969404689E-002
   6.22367875000000        5.63113791666667      -3.846414459317036E-002
   6.22367875000000        5.92740833333333      -3.507379609051681E-002
   6.22367875000000        6.22367875000000      -3.194327069298115E-002
   6.22367875000000        6.51994916666667      -2.928022944635622E-002
   6.22367875000000        6.81621958333333      -2.717043914158269E-002
   6.22367875000000        7.11249000000000      -2.520725314039830E-002
   6.51994916666667       2.000000000000000E-003 -8.090664980894868E-002
   6.51994916666667       0.298270416666667      -8.008933168315666E-002
   6.51994916666667       0.594540833333333      -7.760416119055280E-002
   6.51994916666667       0.890811250000000      -7.488564921972768E-002
   6.51994916666667        1.18708166666667      -7.273759952186822E-002
   6.51994916666667        1.48335208333333      -7.099565898797688E-002
   6.51994916666667        1.77962250000000      -6.938129685708395E-002
   6.51994916666667        2.07589291666667      -6.771700540648605E-002
   6.51994916666667        2.37216333333333      -6.589840047440981E-002
   6.51994916666667        2.66843375000000      -6.394051323211560E-002
   6.51994916666667        2.96470416666667      -6.184692514211898E-002
   6.51994916666667        3.26097458333333      -5.958019420792003E-002
   6.51994916666667        3.55724500000000      -5.710566640054170E-002
   6.51994916666667        3.85351541666667      -5.442140189319577E-002
   6.51994916666667        4.14978583333333      -5.156187921235764E-002
   6.51994916666667        4.44605625000000      -4.857560915915549E-002
   6.51994916666667        4.74232666666667      -4.549156655003464E-002
   6.51994916666667        5.03859708333333      -4.228553252219696E-002
   6.51994916666667        5.33486750000000      -3.899464576386396E-002
   6.51994916666667        5.63113791666667      -3.569282837964380E-002
   6.51994916666667        5.92740833333333      -3.242705355146976E-002
   6.51994916666667        6.22367875000000      -2.928032371822926E-002
   6.51994916666667        6.51994916666667      -2.638274212522521E-002
   6.51994916666667        6.81621958333333      -2.395865908121230E-002
   6.51994916666667        7.11249000000000      -2.177163913267503E-002
   6.81621958333333       2.000000000000000E-003 -7.332133141846001E-002
   6.81621958333333       0.298270416666667      -7.257293691774666E-002
   6.81621958333333       0.594540833333333      -6.983671613551977E-002
   6.81621958333333       0.890811250000000      -6.766761373926630E-002
   6.81621958333333        1.18708166666667      -6.626469404434322E-002
   6.81621958333333        1.48335208333333      -6.508747224691541E-002
   6.81621958333333        1.77962250000000      -6.387880464025782E-002
   6.81621958333333        2.07589291666667      -6.253668478867098E-002
   6.81621958333333        2.37216333333333      -6.099219709395765E-002
   6.81621958333333        2.66843375000000      -5.928163584106146E-002
   6.81621958333333        2.96470416666667      -5.742704407226482E-002
   6.81621958333333        3.26097458333333      -5.539715972890124E-002
   6.81621958333333        3.55724500000000      -5.315600173183124E-002
   6.81621958333333        3.85351541666667      -5.069779768484668E-002
   6.81621958333333        4.14978583333333      -4.805554065009597E-002
   6.81621958333333        4.44605625000000      -4.528088400738605E-002
   6.81621958333333        4.74232666666667      -4.241012397078223E-002
   6.81621958333333        5.03859708333333      -3.943830117938205E-002
   6.81621958333333        5.33486750000000      -3.640385918164650E-002
   6.81621958333333        5.63113791666667      -3.334489190870400E-002
   6.81621958333333        5.92740833333333      -3.026888995797218E-002
   6.81621958333333        6.22367875000000      -2.717061169617314E-002
   6.81621958333333        6.51994916666667      -2.395878464182726E-002
   6.81621958333333        6.81621958333333      -2.048863691499265E-002
   6.81621958333333        7.11249000000000      -1.798240742112259E-002
   7.11249000000000       2.000000000000000E-003 -6.534533787368821E-002
   7.11249000000000       0.298270416666667      -6.404276171831139E-002
   7.11249000000000       0.594540833333333      -6.174532953157470E-002
   7.11249000000000       0.890811250000000      -6.091804577586498E-002
   7.11249000000000        1.18708166666667      -6.044627115645493E-002
   7.11249000000000        1.48335208333333      -5.979021915339663E-002
   7.11249000000000        1.77962250000000      -5.890245555450038E-002
   7.11249000000000        2.07589291666667      -5.779705825155924E-002
   7.11249000000000        2.37216333333333      -5.647206397892676E-002
   7.11249000000000        2.66843375000000      -5.496803286051469E-002
   7.11249000000000        2.96470416666667      -5.331733383236249E-002
   7.11249000000000        3.26097458333333      -5.149355395870234E-002
   7.11249000000000        3.55724500000000      -4.946239276184772E-002
   7.11249000000000        3.85351541666667      -4.721751591604358E-002
   7.11249000000000        4.14978583333333      -4.479139681908228E-002
   7.11249000000000        4.44605625000000      -4.223699608193434E-002
   7.11249000000000        4.74232666666667      -3.959604786014974E-002
   7.11249000000000        5.03859708333333      -3.687607066402983E-002
   7.11249000000000        5.33486750000000      -3.410025547053801E-002
   7.11249000000000        5.63113791666667      -3.126366690869228E-002
   7.11249000000000        5.92740833333333      -2.832771402418842E-002
   7.11249000000000        6.22367875000000      -2.520741616502023E-002
   7.11249000000000        6.51994916666667      -2.177175047757487E-002
   7.11249000000000        6.81621958333333      -1.798243061816196E-002
   7.11249000000000        7.11249000000000      -1.513276904261691E-002
