  2.000000000000000E-003  2.000000000000000E-003 -0.204656598646941     
  2.000000000000000E-003  0.298270416666667      -0.201274376761825     
  2.000000000000000E-003  0.594540833333333      -0.192020623637714     
  2.000000000000000E-003  0.890811250000000      -0.180869409474516     
  2.000000000000000E-003   1.18708166666667      -0.170150998161893     
  2.000000000000000E-003   1.48335208333333      -0.160243412246644     
  2.000000000000000E-003   1.77962250000000      -0.151032944514643     
  2.000000000000000E-003   2.07589291666667      -0.142388297260855     
  2.000000000000000E-003   2.37216333333333      -0.134251889392440     
  2.000000000000000E-003   2.66843375000000      -0.126612886205458     
  2.000000000000000E-003   2.96470416666667      -0.119361580090662     
  2.000000000000000E-003   3.26097458333333      -0.112373311954846     
  2.000000000000000E-003   3.55724500000000      -0.105540507641745     
  2.000000000000000E-003   3.85351541666667      -9.881407827741602E-002
  2.000000000000000E-003   4.14978583333333      -9.223545128432015E-002
  2.000000000000000E-003   4.44605625000000      -8.591988032095227E-002
  2.000000000000000E-003   4.74232666666667      -8.001212744845171E-002
  2.000000000000000E-003   5.03859708333333      -7.464414320483961E-002
  2.000000000000000E-003   5.33486750000000      -6.992754671319541E-002
  2.000000000000000E-003   5.63113791666667      -6.593789798971551E-002
  2.000000000000000E-003   5.92740833333333      -6.271814828962081E-002
  2.000000000000000E-003   6.22367875000000      -6.018586830773780E-002
  2.000000000000000E-003   6.51994916666667      -5.780045780553468E-002
  2.000000000000000E-003   6.81621958333333      -5.407360980228905E-002
  2.000000000000000E-003   7.11249000000000      -4.946639041029621E-002
  0.298270416666667       2.000000000000000E-003 -0.220246628339931     
  0.298270416666667       0.298270416666667      -0.220010410391482     
  0.298270416666667       0.594540833333333      -0.211379945555030     
  0.298270416666667       0.890811250000000      -0.199115970475676     
  0.298270416666667        1.18708166666667      -0.187008120399424     
  0.298270416666667        1.48335208333333      -0.175641485961644     
  0.298270416666667        1.77962250000000      -0.164972564683859     
  0.298270416666667        2.07589291666667      -0.154908294731919     
  0.298270416666667        2.37216333333333      -0.145427256883169     
  0.298270416666667        2.66843375000000      -0.136568807369822     
  0.298270416666667        2.96470416666667      -0.128186566305699     
  0.298270416666667        3.26097458333333      -0.120152618513210     
  0.298270416666667        3.55724500000000      -0.112373601576096     
  0.298270416666667        3.85351541666667      -0.104812171800847     
  0.298270416666667        4.14978583333333      -9.750399030505681E-002
  0.298270416666667        4.44605625000000      -9.054350091892788E-002
  0.298270416666667        4.74232666666667      -8.405055283714830E-002
  0.298270416666667        5.03859708333333      -7.813602245159582E-002
  0.298270416666667        5.33486750000000      -7.289214282934950E-002
  0.298270416666667        5.63113791666667      -6.840129414844444E-002
  0.298270416666667        5.92740833333333      -6.472087982089759E-002
  0.298270416666667        6.22367875000000      -6.179595520859978E-002
  0.298270416666667        6.51994916666667      -5.914095680927946E-002
  0.298270416666667        6.81621958333333      -5.553231192919249E-002
  0.298270416666667        7.11249000000000      -5.166270166069111E-002
  0.594540833333333       2.000000000000000E-003 -0.233911056943941     
  0.594540833333333       0.298270416666667      -0.234169641241407     
  0.594540833333333       0.594540833333333      -0.228544435298445     
  0.594540833333333       0.890811250000000      -0.217266243266688     
  0.594540833333333        1.18708166666667      -0.204432555912754     
  0.594540833333333        1.48335208333333      -0.191689525782590     
  0.594540833333333        1.77962250000000      -0.179492979166180     
  0.594540833333333        2.07589291666667      -0.167946431888961     
  0.594540833333333        2.37216333333333      -0.157108538855149     
  0.594540833333333        2.66843375000000      -0.146968039873210     
  0.594540833333333        2.96470416666667      -0.137366319016281     
  0.594540833333333        3.26097458333333      -0.128187573614273     
  0.594540833333333        3.55724500000000      -0.119362758083073     
  0.594540833333333        3.85351541666667      -0.110877185386739     
  0.594540833333333        4.14978583333333      -0.102767587674859     
  0.594540833333333        4.44605625000000      -9.510548485073825E-002
  0.594540833333333        4.74232666666667      -8.797499643721278E-002
  0.594540833333333        5.03859708333333      -8.144527546758361E-002
  0.594540833333333        5.33486750000000      -7.558337718164941E-002
  0.594540833333333        5.63113791666667      -7.045124707553781E-002
  0.594540833333333        5.92740833333333      -6.609254336375399E-002
  0.594540833333333        6.22367875000000      -6.246135458273779E-002
  0.594540833333333        6.51994916666667      -5.928074121352873E-002
  0.594540833333333        6.81621958333333      -5.609702462149836E-002
  0.594540833333333        7.11249000000000      -5.263054675272802E-002
  0.890811250000000       2.000000000000000E-003 -0.253021971835257     
  0.890811250000000       0.298270416666667      -0.251877940063076     
  0.890811250000000       0.594540833333333      -0.246331620530589     
  0.890811250000000       0.890811250000000      -0.235779429537750     
  0.890811250000000        1.18708166666667      -0.222507733285729     
  0.890811250000000        1.48335208333333      -0.208465856921468     
  0.890811250000000        1.77962250000000      -0.194672876409622     
  0.890811250000000        2.07589291666667      -0.181589263147931     
  0.890811250000000        2.37216333333333      -0.169353074745269     
  0.890811250000000        2.66843375000000      -0.157861103441222     
  0.890811250000000        2.96470416666667      -0.146971013893974     
  0.890811250000000        3.26097458333333      -0.136572392191563     
  0.890811250000000        3.55724500000000      -0.126616050240147     
  0.890811250000000        3.85351541666667      -0.117118124488370     
  0.890811250000000        4.14978583333333      -0.108130500551805     
  0.890811250000000        4.44605625000000      -9.970692537104191E-002
  0.890811250000000        4.74232666666667      -9.189045192598420E-002
  0.890811250000000        5.03859708333333      -8.470970161127282E-002
  0.890811250000000        5.33486750000000      -7.818562578966845E-002
  0.890811250000000        5.63113791666667      -7.238186949159338E-002
  0.890811250000000        5.92740833333333      -6.734798429264660E-002
  0.890811250000000        6.22367875000000      -6.306591458572823E-002
  0.890811250000000        6.51994916666667      -5.940825004538280E-002
  0.890811250000000        6.81621958333333      -5.610053130844044E-002
  0.890811250000000        7.11249000000000      -5.269848328776566E-002
   1.18708166666667       2.000000000000000E-003 -0.277823992937469     
   1.18708166666667       0.298270416666667      -0.275619678788104     
   1.18708166666667       0.594540833333333      -0.268624601124333     
   1.18708166666667       0.890811250000000      -0.257036459118004     
   1.18708166666667        1.18708166666667      -0.242428096291098     
   1.18708166666667        1.48335208333333      -0.226612945416953     
   1.18708166666667        1.77962250000000      -0.210939316134404     
   1.18708166666667        2.07589291666667      -0.196141861860250     
   1.18708166666667        2.37216333333333      -0.182314326506290     
   1.18708166666667        2.66843375000000      -0.169359520472684     
   1.18708166666667        2.96470416666667      -0.157117573424567     
   1.18708166666667        3.26097458333333      -0.145435770533351     
   1.18708166666667        3.55724500000000      -0.134258388947421     
   1.18708166666667        3.85351541666667      -0.123645244652921     
   1.18708166666667        4.14978583333333      -0.113691844263926     
   1.18708166666667        4.44605625000000      -0.104444127226445     
   1.18708166666667        4.74232666666667      -9.589673542815186E-002
   1.18708166666667        5.03859708333333      -8.803732865955087E-002
   1.18708166666667        5.33486750000000      -8.085778760662150E-002
   1.18708166666667        5.63113791666667      -7.442073513973874E-002
   1.18708166666667        5.92740833333333      -6.879926262716289E-002
   1.18708166666667        6.22367875000000      -6.399672872281603E-002
   1.18708166666667        6.51994916666667      -5.990868840739515E-002
   1.18708166666667        6.81621958333333      -5.628233868581436E-002
   1.18708166666667        7.11249000000000      -5.274218503118185E-002
   1.48335208333333       2.000000000000000E-003 -0.307557480239226     
   1.48335208333333       0.298270416666667      -0.304566471814214     
   1.48335208333333       0.594540833333333      -0.295746101779985     
   1.48335208333333       0.890811250000000      -0.282053856021711     
   1.48335208333333        1.18708166666667      -0.265081011184478     
   1.48335208333333        1.48335208333333      -0.246777057016613     
   1.48335208333333        1.77962250000000      -0.228787280663031     
   1.48335208333333        2.07589291666667      -0.211859202438859     
   1.48335208333333        2.37216333333333      -0.196152454725293     
   1.48335208333333        2.66843375000000      -0.181606721649414     
   1.48335208333333        2.96470416666667      -0.167965483865964     
   1.48335208333333        3.26097458333333      -0.154924222547327     
   1.48335208333333        3.55724500000000      -0.142399235991322     
   1.48335208333333        3.85351541666667      -0.130527590480208     
   1.48335208333333        4.14978583333333      -0.119487150784757     
   1.48335208333333        4.44605625000000      -0.109353290866752     
   1.48335208333333        4.74232666666667      -0.100032882725651     
   1.48335208333333        5.03859708333333      -9.146027572094283E-002
   1.48335208333333        5.33486750000000      -8.364035839209759E-002
   1.48335208333333        5.63113791666667      -7.661202255481951E-002
   1.48335208333333        5.92740833333333      -7.046836951191811E-002
   1.48335208333333        6.22367875000000      -6.522407200631571E-002
   1.48335208333333        6.51994916666667      -6.075023518713250E-002
   1.48335208333333        6.81621958333333      -5.677725467712147E-002
   1.48335208333333        7.11249000000000      -5.299947148499201E-002
   1.77962250000000       2.000000000000000E-003 -0.341225251416857     
   1.77962250000000       0.298270416666667      -0.337580685969236     
   1.77962250000000       0.594540833333333      -0.326826577643280     
   1.77962250000000       0.890811250000000      -0.310443582016406     
   1.77962250000000        1.18708166666667      -0.290459357875203     
   1.77962250000000        1.48335208333333      -0.269154076251347     
   1.77962250000000        1.77962250000000      -0.248327846098839     
   1.77962250000000        2.07589291666667      -0.228801181783864     
   1.77962250000000        2.37216333333333      -0.210965171777061     
   1.77962250000000        2.66843375000000      -0.194705146439163     
   1.77962250000000        2.96470416666667      -0.179523859735975     
   1.77962250000000        3.26097458333333      -0.164996716844995     
   1.77962250000000        3.55724500000000      -0.151049712506518     
   1.77962250000000        3.85351541666667      -0.137899979166309     
   1.77962250000000        4.14978583333333      -0.125719900539408     
   1.77962250000000        4.44605625000000      -0.114524672486568     
   1.77962250000000        4.74232666666667      -0.104278688653558     
   1.77962250000000        5.03859708333333      -9.492570223123449E-002
   1.77962250000000        5.33486750000000      -8.642056973841430E-002
   1.77962250000000        5.63113791666667      -7.883767405631258E-002
   1.77962250000000        5.92740833333333      -7.222556021086128E-002
   1.77962250000000        6.22367875000000      -6.659033766694959E-002
   1.77962250000000        6.51994916666667      -6.177238038257263E-002
   1.77962250000000        6.81621958333333      -5.749074405097156E-002
   1.77962250000000        7.11249000000000      -5.346403651896353E-002
   2.07589291666667       2.000000000000000E-003 -0.377484678310099     
   2.07589291666667       0.298270416666667      -0.372996334390001     
   2.07589291666667       0.594540833333333      -0.360386015697380     
   2.07589291666667       0.890811250000000      -0.341117563073803     
   2.07589291666667        1.18708166666667      -0.318002505539762     
   2.07589291666667        1.48335208333333      -0.293350445495520     
   2.07589291666667        1.77962250000000      -0.269169532552300     
   2.07589291666667        2.07589291666667      -0.246809256115442     
   2.07589291666667        2.37216333333333      -0.226656524854600     
   2.07589291666667        2.66843375000000      -0.208515582807402     
   2.07589291666667        2.96470416666667      -0.191736269703824     
   2.07589291666667        3.26097458333333      -0.175677298119917     
   2.07589291666667        3.55724500000000      -0.160269395657731     
   2.07589291666667        3.85351541666667      -0.145862885046647     
   2.07589291666667        4.14978583333333      -0.132530339202868     
   2.07589291666667        4.44605625000000      -0.120114748515759     
   2.07589291666667        4.74232666666667      -0.108650845076376     
   2.07589291666667        5.03859708333333      -9.829399539353884E-002
   2.07589291666667        5.33486750000000      -8.904583216733333E-002
   2.07589291666667        5.63113791666667      -8.089830998817195E-002
   2.07589291666667        5.92740833333333      -7.387224322803983E-002
   2.07589291666667        6.22367875000000      -6.790822166329691E-002
   2.07589291666667        6.51994916666667      -6.281213576060911E-002
   2.07589291666667        6.81621958333333      -5.829162643626938E-002
   2.07589291666667        7.11249000000000      -5.405629193934565E-002
   2.37216333333333       2.000000000000000E-003 -0.414832028062850     
   2.37216333333333       0.298270416666667      -0.409824614040009     
   2.37216333333333       0.594540833333333      -0.395420745611813     
   2.37216333333333       0.890811250000000      -0.373455654278842     
   2.37216333333333        1.18708166666667      -0.346620392133006     
   2.37216333333333        1.48335208333333      -0.318015063257070     
   2.37216333333333        1.77962250000000      -0.290488357730598     
   2.37216333333333        2.07589291666667      -0.265129239291004     
   2.37216333333333        2.37216333333333      -0.242486474349796     
   2.37216333333333        2.66843375000000      -0.222574703756509     
   2.37216333333333        2.96470416666667      -0.204497695788553     
   2.37216333333333        3.26097458333333      -0.187060840950778     
   2.37216333333333        3.55724500000000      -0.170190985509474     
   2.37216333333333        3.85351541666667      -0.154620621615867     
   2.37216333333333        4.14978583333333      -0.140051063340989     
   2.37216333333333        4.44605625000000      -0.125992182457525     
   2.37216333333333        4.74232666666667      -0.112851955860858     
   2.37216333333333        5.03859708333333      -0.101220808295829     
   2.37216333333333        5.33486750000000      -9.124794806144368E-002
   2.37216333333333        5.63113791666667      -8.263840810330664E-002
   2.37216333333333        5.92740833333333      -7.526189957385516E-002
   2.37216333333333        6.22367875000000      -6.902812976780144E-002
   2.37216333333333        6.51994916666667      -6.373111303944563E-002
   2.37216333333333        6.81621958333333      -5.904892693439526E-002
   2.37216333333333        7.11249000000000      -5.468021428820571E-002
   2.66843375000000       2.000000000000000E-003 -0.452439505557888     
   2.66843375000000       0.298270416666667      -0.446650440102508     
   2.66843375000000       0.594540833333333      -0.429932234381903     
   2.66843375000000       0.890811250000000      -0.404420294087709     
   2.66843375000000        1.18708166666667      -0.373461474453640     
   2.66843375000000        1.48335208333333      -0.341144535232288     
   2.66843375000000        1.77962250000000      -0.310491437446343     
   2.66843375000000        2.07589291666667      -0.282113827765440     
   2.66843375000000        2.37216333333333      -0.257104900684663     
   2.66843375000000        2.66843375000000      -0.235859106782299     
   2.66843375000000        2.96470416666667      -0.217356329610089     
   2.66843375000000        3.26097458333333      -0.199189829968579     
   2.66843375000000        3.55724500000000      -0.180928985876080     
   2.66843375000000        3.85351541666667      -0.164494025363853     
   2.66843375000000        4.14978583333333      -0.148367104826139     
   2.66843375000000        4.44605625000000      -0.131763529276924     
   2.66843375000000        4.74232666666667      -0.116342791741984     
   2.66843375000000        5.03859708333333      -0.103263490176022     
   2.66843375000000        5.33486750000000      -9.263938178138000E-002
   2.66843375000000        5.63113791666667      -8.387280631960177E-002
   2.66843375000000        5.92740833333333      -7.633959436916679E-002
   2.66843375000000        6.22367875000000      -6.993284922595740E-002
   2.66843375000000        6.51994916666667      -6.449116171995617E-002
   2.66843375000000        6.81621958333333      -5.970414496679317E-002
   2.66843375000000        7.11249000000000      -5.525538008001291E-002
   2.96470416666667       2.000000000000000E-003 -0.484378373607383     
   2.96470416666667       0.298270416666667      -0.477761660740029     
   2.96470416666667       0.594540833333333      -0.458741752551455     
   2.96470416666667       0.890811250000000      -0.429936911795009     
   2.96470416666667        1.18708166666667      -0.395433215935416     
   2.96470416666667        1.48335208333333      -0.360436182148539     
   2.96470416666667        1.77962250000000      -0.326867475203939     
   2.96470416666667        2.07589291666667      -0.295804914601574     
   2.96470416666667        2.37216333333333      -0.268690031602062     
   2.96470416666667        2.66843375000000      -0.246416418877375     
   2.96470416666667        2.96470416666667      -0.228645404159398     
   2.96470416666667        3.26097458333333      -0.211471422284768     
   2.96470416666667        3.55724500000000      -0.192098533101507     
   2.96470416666667        3.85351541666667      -0.175402077260089     
   2.96470416666667        4.14978583333333      -0.156561818744833     
   2.96470416666667        4.44605625000000      -0.136272480340869     
   2.96470416666667        4.74232666666667      -0.118416386719067     
   2.96470416666667        5.03859708333333      -0.104154382875327     
   2.96470416666667        5.33486750000000      -9.314018293567541E-002
   2.96470416666667        5.63113791666667      -8.447697317253099E-002
   2.96470416666667        5.92740833333333      -7.705599843697841E-002
   2.96470416666667        6.22367875000000      -7.060252437506974E-002
   2.96470416666667        6.51994916666667      -6.508241560388206E-002
   2.96470416666667        6.81621958333333      -6.023149824111885E-002
   2.96470416666667        7.11249000000000      -5.573386013015914E-002
   3.26097458333333       2.000000000000000E-003 -0.505825738438812     
   3.26097458333333       0.298270416666667      -0.498532450877575     
   3.26097458333333       0.594540833333333      -0.477778799458583     
   3.26097458333333       0.890811250000000      -0.446668603435508     
   3.26097458333333        1.18708166666667      -0.409847943562472     
   3.26097458333333        1.48335208333333      -0.373042455249236     
   3.26097458333333        1.77962250000000      -0.337614934458339     
   3.26097458333333        2.07589291666667      -0.304608349588788     
   3.26097458333333        2.37216333333333      -0.275672838138886     
   3.26097458333333        2.66843375000000      -0.251939539818627     
   3.26097458333333        2.96470416666667      -0.234248201934303     
   3.26097458333333        3.26097458333333      -0.220090420026960     
   3.26097458333333        3.55724500000000      -0.201346890942998     
   3.26097458333333        3.85351541666667      -0.184006657599082     
   3.26097458333333        4.14978583333333      -0.160991212923954     
   3.26097458333333        4.44605625000000      -0.137905812012074     
   3.26097458333333        4.74232666666667      -0.118827007746002     
   3.26097458333333        5.03859708333333      -0.104115623327114     
   3.26097458333333        5.33486750000000      -9.305537681832217E-002
   3.26097458333333        5.63113791666667      -8.460657127487826E-002
   3.26097458333333        5.92740833333333      -7.742833709470606E-002
   3.26097458333333        6.22367875000000      -7.101091898322295E-002
   3.26097458333333        6.51994916666667      -6.546331093961881E-002
   3.26097458333333        6.81621958333333      -6.057983283120442E-002
   3.26097458333333        7.11249000000000      -5.605497010848264E-002
   3.55724500000000       2.000000000000000E-003 -0.513454862460087     
   3.55724500000000       0.298270416666667      -0.505868358318333     
   3.55724500000000       0.594540833333333      -0.484432025185354     
   3.55724500000000       0.890811250000000      -0.452482863769102     
   3.55724500000000        1.18708166666667      -0.414867963085394     
   3.55724500000000        1.48335208333333      -0.377535796711438     
   3.55724500000000        1.77962250000000      -0.341255014023165     
   3.55724500000000        2.07589291666667      -0.307589671434198     
   3.55724500000000        2.37216333333333      -0.277858634041315     
   3.55724500000000        2.66843375000000      -0.253069678207231     
   3.55724500000000        2.96470416666667      -0.233982034847885     
   3.55724500000000        3.26097458333333      -0.220345480453796     
   3.55724500000000        3.55724500000000      -0.204701072155953     
   3.55724500000000        3.85351541666667      -0.183982650071200     
   3.55724500000000        4.14978583333333      -0.160642535678687     
   3.55724500000000        4.44605625000000      -0.137704956885531     
   3.55724500000000        4.74232666666667      -0.118651070717452     
   3.55724500000000        5.03859708333333      -0.103950002996424     
   3.55724500000000        5.33486750000000      -9.295683135061363E-002
   3.55724500000000        5.63113791666667      -8.459410143965103E-002
   3.55724500000000        5.92740833333333      -7.753703074127501E-002
   3.55724500000000        6.22367875000000      -7.114794906146799E-002
   3.55724500000000        6.51994916666667      -6.559590982360022E-002
   3.55724500000000        6.81621958333333      -6.070265224878080E-002
   3.55724500000000        7.11249000000000      -5.616876406415799E-002
   3.85351541666667       2.000000000000000E-003 -0.505827833988343     
   3.85351541666667       0.298270416666667      -0.498532268069577     
   3.85351541666667       0.594540833333333      -0.477776750487531     
   3.85351541666667       0.890811250000000      -0.446665180984800     
   3.85351541666667        1.18708166666667      -0.409843787203259     
   3.85351541666667        1.48335208333333      -0.373037740405905     
   3.85351541666667        1.77962250000000      -0.337609331949550     
   3.85351541666667        2.07589291666667      -0.304601270654597     
   3.85351541666667        2.37216333333333      -0.275663207054549     
   3.85351541666667        2.66843375000000      -0.251925570331962     
   3.85351541666667        2.96470416666667      -0.234229006775109     
   3.85351541666667        3.26097458333333      -0.220074548676203     
   3.85351541666667        3.55724500000000      -0.201352920858686     
   3.85351541666667        3.85351541666667      -0.184037513360536     
   3.85351541666667        4.14978583333333      -0.161022614512725     
   3.85351541666667        4.44605625000000      -0.137925490589180     
   3.85351541666667        4.74232666666667      -0.118837680404700     
   3.85351541666667        5.03859708333333      -0.104121185017705     
   3.85351541666667        5.33486750000000      -9.305833382340468E-002
   3.85351541666667        5.63113791666667      -8.460857638417020E-002
   3.85351541666667        5.92740833333333      -7.743048513661099E-002
   3.85351541666667        6.22367875000000      -7.101335172310155E-002
   3.85351541666667        6.51994916666667      -6.546595004407529E-002
   3.85351541666667        6.81621958333333      -6.058250266296410E-002
   3.85351541666667        7.11249000000000      -5.605746000320172E-002
   4.14978583333333       2.000000000000000E-003 -0.484382081536618     
   4.14978583333333       0.298270416666667      -0.477761374268192     
   4.14978583333333       0.594540833333333      -0.458738027156309     
   4.14978583333333       0.890811250000000      -0.429930787961688     
   4.14978583333333        1.18708166666667      -0.395425751802429     
   4.14978583333333        1.48335208333333      -0.360427835920679     
   4.14978583333333        1.77962250000000      -0.326857793762314     
   4.14978583333333        2.07589291666667      -0.295793086927126     
   4.14978583333333        2.37216333333333      -0.268674927939293     
   4.14978583333333        2.66843375000000      -0.246396973005479     
   4.14978583333333        2.96470416666667      -0.228622963097896     
   4.14978583333333        3.26097458333333      -0.211455928186771     
   4.14978583333333        3.55724500000000      -0.192107337063368     
   4.14978583333333        3.85351541666667      -0.175435405395249     
   4.14978583333333        4.14978583333333      -0.156598079969135     
   4.14978583333333        4.44605625000000      -0.136298632070025     
   4.14978583333333        4.74232666666667      -0.118432243420169     
   4.14978583333333        5.03859708333333      -0.104163335408701     
   4.14978583333333        5.33486750000000      -9.314533196642501E-002
   4.14978583333333        5.63113791666667      -8.448085413783764E-002
   4.14978583333333        5.92740833333333      -7.706026762704250E-002
   4.14978583333333        6.22367875000000      -7.060735616128588E-002
   4.14978583333333        6.51994916666667      -6.508765239415845E-002
   4.14978583333333        6.81621958333333      -6.023676200270277E-002
   4.14978583333333        7.11249000000000      -5.573870051349993E-002
   4.44605625000000       2.000000000000000E-003 -0.452444280037608     
   4.44605625000000       0.298270416666667      -0.446650082109594     
   4.44605625000000       0.594540833333333      -0.429927487640732     
   4.44605625000000       0.890811250000000      -0.404412471100703     
   4.44605625000000        1.18708166666667      -0.373451948558776     
   4.44605625000000        1.48335208333333      -0.341134105176283     
   4.44605625000000        1.77962250000000      -0.310479774562454     
   4.44605625000000        2.07589291666667      -0.282100144882353     
   4.44605625000000        2.37216333333333      -0.257088711802232     
   4.44605625000000        2.66843375000000      -0.235840684377187     
   4.44605625000000        2.96470416666667      -0.217338309521235     
   4.44605625000000        3.26097458333333      -0.199179418456093     
   4.44605625000000        3.55724500000000      -0.180934877971711     
   4.44605625000000        3.85351541666667      -0.164515814268459     
   4.44605625000000        4.14978583333333      -0.148393861153027     
   4.44605625000000        4.44605625000000      -0.131785910963234     
   4.44605625000000        4.74232666666667      -0.116358297716929     
   4.44605625000000        5.03859708333333      -0.103273265618290     
   4.44605625000000        5.33486750000000      -9.264574179129795E-002
   4.44605625000000        5.63113791666667      -8.387843507532529E-002
   4.44605625000000        5.92740833333333      -7.634588737856846E-002
   4.44605625000000        6.22367875000000      -6.994005067544502E-002
   4.44605625000000        6.51994916666667      -6.449901086414758E-002
   4.44605625000000        6.81621958333333      -5.971198897644708E-002
   4.44605625000000        7.11249000000000      -5.526242987092537E-002
   4.74232666666667       2.000000000000000E-003 -0.414837128606792     
   4.74232666666667       0.298270416666667      -0.409824113376494     
   4.74232666666667       0.594540833333333      -0.395415453632114     
   4.74232666666667       0.890811250000000      -0.373447085675062     
   4.74232666666667        1.18708166666667      -0.346610002933603     
   4.74232666666667        1.48335208333333      -0.318003852799205     
   4.74232666666667        1.77962250000000      -0.290476355255990     
   4.74232666666667        2.07589291666667      -0.265115818912612     
   4.74232666666667        2.37216333333333      -0.242471499286417     
   4.74232666666667        2.66843375000000      -0.222559070847695     
   4.74232666666667        2.96470416666667      -0.204483913904543     
   4.74232666666667        3.26097458333333      -0.187053202026180     
   4.74232666666667        3.55724500000000      -0.170193373911505     
   4.74232666666667        3.85351541666667      -0.154632730295459     
   4.74232666666667        4.14978583333333      -0.140067914851231     
   4.74232666666667        4.44605625000000      -0.126008314021907     
   4.74232666666667        4.74232666666667      -0.112864579259979     
   4.74232666666667        5.03859708333333      -0.101229767854304     
   4.74232666666667        5.33486750000000      -9.125481230458578E-002
   4.74232666666667        5.63113791666667      -8.264539874878903E-002
   4.74232666666667        5.92740833333333      -7.527005810241313E-002
   4.74232666666667        6.22367875000000      -6.903779600679934E-002
   4.74232666666667        6.51994916666667      -6.374189123253916E-002
   4.74232666666667        6.81621958333333      -5.905973005386581E-002
   4.74232666666667        7.11249000000000      -5.468963673562767E-002
   5.03859708333333       2.000000000000000E-003 -0.377489524738208     
   5.03859708333333       0.298270416666667      -0.372995283483339     
   5.03859708333333       0.594540833333333      -0.360380119536411     
   5.03859708333333       0.890811250000000      -0.341108532064019     
   5.03859708333333        1.18708166666667      -0.317991840373416     
   5.03859708333333        1.48335208333333      -0.293339147627624     
   5.03859708333333        1.77962250000000      -0.269157874661349     
   5.03859708333333        2.07589291666667      -0.246796923431587     
   5.03859708333333        2.37216333333333      -0.226643405544965     
   5.03859708333333        2.66843375000000      -0.208502549243121     
   5.03859708333333        2.96470416666667      -0.191725260388702     
   5.03859708333333        3.26097458333333      -0.175670829127043     
   5.03859708333333        3.55724500000000      -0.160269394539672     
   5.03859708333333        3.85351541666667      -0.145869184388100     
   5.03859708333333        4.14978583333333      -0.132540496727948     
   5.03859708333333        4.44605625000000      -0.120125627859149     
   5.03859708333333        4.74232666666667      -0.108660265072217     
   5.03859708333333        5.03859708333333      -9.830154986960024E-002
   5.03859708333333        5.33486750000000      -8.905276775431560E-002
   5.03859708333333        5.63113791666667      -8.090611834234526E-002
   5.03859708333333        5.92740833333333      -7.388211399549610E-002
   5.03859708333333        6.22367875000000      -6.792082584654201E-002
   5.03859708333333        6.51994916666667      -6.282705249315215E-002
   5.03859708333333        6.81621958333333      -5.830682665767303E-002
   5.03859708333333        7.11249000000000      -5.406905903508948E-002
   5.33486750000000       2.000000000000000E-003 -0.341229322474340     
   5.33486750000000       0.298270416666667      -0.337578376337641     
   5.33486750000000       0.594540833333333      -0.326819251755161     
   5.33486750000000       0.890811250000000      -0.310433386633799     
   5.33486750000000        1.18708166666667      -0.290448164522423     
   5.33486750000000        1.48335208333333      -0.269142720631558     
   5.33486750000000        1.77962250000000      -0.248316483798872     
   5.33486750000000        2.07589291666667      -0.228789752339364     
   5.33486750000000        2.37216333333333      -0.210953702091694     
   5.33486750000000        2.66843375000000      -0.194694226632017     
   5.33486750000000        2.96470416666667      -0.179514791467103     
   5.33486750000000        3.26097458333333      -0.164991065824059     
   5.33486750000000        3.55724500000000      -0.151048577732735     
   5.33486750000000        3.85351541666667      -0.137903205751535     
   5.33486750000000        4.14978583333333      -0.125726074149267     
   5.33486750000000        4.44605625000000      -0.114531843267264     
   5.33486750000000        4.74232666666667      -0.104285412511356     
   5.33486750000000        5.03859708333333      -9.493178664063487E-002
   5.33486750000000        5.33486750000000      -8.642687229930184E-002
   5.33486750000000        5.63113791666667      -7.884561583539465E-002
   5.33486750000000        5.92740833333333      -7.223698264555629E-002
   5.33486750000000        6.22367875000000      -6.660661366849402E-002
   5.33486750000000        6.51994916666667      -6.179281989904677E-002
   5.33486750000000        6.81621958333333      -5.751185480946904E-002
   5.33486750000000        7.11249000000000      -5.348068708778386E-002
   5.63113791666667       2.000000000000000E-003 -0.307560148746608     
   5.63113791666667       0.298270416666667      -0.304561641772379     
   5.63113791666667       0.594540833333333      -0.295736040768821     
   5.63113791666667       0.890811250000000      -0.282041418167441     
   5.63113791666667        1.18708166666667      -0.265068363117224     
   5.63113791666667        1.48335208333333      -0.246765101634674     
   5.63113791666667        1.77962250000000      -0.228775978593116     
   5.63113791666667        2.07589291666667      -0.211848320038011     
   5.63113791666667        2.37216333333333      -0.196142088200880     
   5.63113791666667        2.66843375000000      -0.181597388057077     
   5.63113791666667        2.96470416666667      -0.167958004816215     
   5.63113791666667        3.26097458333333      -0.154919545179196     
   5.63113791666667        3.55724500000000      -0.142397898470414     
   5.63113791666667        3.85351541666667      -0.130529363225126     
   5.63113791666667        4.14978583333333      -0.119491047946341     
   5.63113791666667        4.44605625000000      -0.109357997039817     
   5.63113791666667        4.74232666666667      -0.100037528729941     
   5.63113791666667        5.03859708333333      -9.146469836685772E-002
   5.63113791666667        5.33486750000000      -8.364521805233280E-002
   5.63113791666667        5.63113791666667      -7.661901089456295E-002
   5.63113791666667        5.92740833333333      -7.048022785905085E-002
   5.63113791666667        6.22367875000000      -6.524325869433956E-002
   5.63113791666667        6.51994916666667      -6.077650264871852E-002
   5.63113791666667        6.81621958333333      -5.680525925681387E-002
   5.63113791666667        7.11249000000000      -5.302007225540586E-002
   5.92740833333333       2.000000000000000E-003 -0.277825003332964     
   5.92740833333333       0.298270416666667      -0.275611060725537     
   5.92740833333333       0.594540833333333      -0.268610477367107     
   5.92740833333333       0.890811250000000      -0.257021091009856     
   5.92740833333333        1.18708166666667      -0.242413679614181     
   5.92740833333333        1.48335208333333      -0.226600135456847     
   5.92740833333333        1.77962250000000      -0.210927986432010     
   5.92740833333333        2.07589291666667      -0.196131538773467     
   5.92740833333333        2.37216333333333      -0.182304907691086     
   5.92740833333333        2.66843375000000      -0.169351422812151     
   5.92740833333333        2.96470416666667      -0.157111421878010     
   5.92740833333333        3.26097458333333      -0.145432088282144     
   5.92740833333333        3.55724500000000      -0.134257338384653     
   5.92740833333333        3.85351541666667      -0.123646451302577     
   5.92740833333333        4.14978583333333      -0.113694502959334     
   5.92740833333333        4.44605625000000      -0.104447300695706     
   5.92740833333333        4.74232666666667      -9.589970218588913E-002
   5.92740833333333        5.03859708333333      -8.803982161693576E-002
   5.92740833333333        5.33486750000000      -8.086023447241540E-002
   5.92740833333333        5.63113791666667      -7.442499602888275E-002
   5.92740833333333        5.92740833333333      -6.880868837063021E-002
   5.92740833333333        6.22367875000000      -6.401563669444912E-002
   5.92740833333333        6.51994916666667      -5.993931732260152E-002
   5.92740833333333        6.81621958333333      -5.631792273055836E-002
   5.92740833333333        7.11249000000000      -5.276629979807497E-002
   6.22367875000000       2.000000000000000E-003 -0.253021390166068     
   6.22367875000000       0.298270416666667      -0.251863900021896     
   6.22367875000000       0.594540833333333      -0.246312432093491     
   6.22367875000000       0.890811250000000      -0.235761334402290     
   6.22367875000000        1.18708166666667      -0.222492365446679     
   6.22367875000000        1.48335208333333      -0.208452986366949     
   6.22367875000000        1.77962250000000      -0.194662018862985     
   6.22367875000000        2.07589291666667      -0.181579951042809     
   6.22367875000000        2.37216333333333      -0.169344975585202     
   6.22367875000000        2.66843375000000      -0.157854444664421     
   6.22367875000000        2.96470416666667      -0.146966211636647     
   6.22367875000000        3.26097458333333      -0.136569737158030     
   6.22367875000000        3.55724500000000      -0.126615491741351     
   6.22367875000000        3.85351541666667      -0.117119214763069     
   6.22367875000000        4.14978583333333      -0.108132501337035     
   6.22367875000000        4.44605625000000      -9.970901754626453E-002
   6.22367875000000        4.74232666666667      -9.189193952940904E-002
   6.22367875000000        5.03859708333333      -8.471011542462438E-002
   6.22367875000000        5.33486750000000      -7.818502116327689E-002
   6.22367875000000        5.63113791666667      -7.238158831213522E-002
   6.22367875000000        5.92740833333333      -6.735106431118959E-002
   6.22367875000000        6.22367875000000      -6.307821996425234E-002
   6.22367875000000        6.51994916666667      -5.943719941588074E-002
   6.22367875000000        6.81621958333333      -5.614244404911854E-002
   6.22367875000000        7.11249000000000      -5.272464597624470E-002
   6.51994916666667       2.000000000000000E-003 -0.233909377397615     
   6.51994916666667       0.298270416666667      -0.234149705651656     
   6.51994916666667       0.594540833333333      -0.228521710546231     
   6.51994916666667       0.890811250000000      -0.217248116630477     
   6.51994916666667        1.18708166666667      -0.204418761467885     
   6.51994916666667        1.48335208333333      -0.191678532527056     
   6.51994916666667        1.77962250000000      -0.179483911073565     
   6.51994916666667        2.07589291666667      -0.167938938700982     
   6.51994916666667        2.37216333333333      -0.157102379914528     
   6.51994916666667        2.66843375000000      -0.146963235915615     
   6.51994916666667        2.96470416666667      -0.137363106869197     
   6.51994916666667        3.26097458333333      -0.128186078293219     
   6.51994916666667        3.55724500000000      -0.119362807891252     
   6.51994916666667        3.85351541666667      -0.110878311415106     
   6.51994916666667        4.14978583333333      -0.102769126785272     
   6.51994916666667        4.44605625000000      -9.510672114535815E-002
   6.51994916666667        4.74232666666667      -8.797525885189565E-002
   6.51994916666667        5.03859708333333      -8.144388161137883E-002
   6.51994916666667        5.33486750000000      -7.558004681874081E-002
   6.51994916666667        5.63113791666667      -7.044625773173356E-002
   6.51994916666667        5.92740833333333      -6.608713003282378E-002
   6.51994916666667        6.22367875000000      -6.245975246311177E-002
   6.51994916666667        6.51994916666667      -5.929402794566294E-002
   6.51994916666667        6.81621958333333      -5.613518166321511E-002
   6.51994916666667        7.11249000000000      -5.265379448766408E-002
   6.81621958333333       2.000000000000000E-003 -0.220244770498641     
   6.81621958333333       0.298270416666667      -0.219993448537274     
   6.81621958333333       0.594540833333333      -0.211363708525076     
   6.81621958333333       0.890811250000000      -0.199105119421950     
   6.81621958333333        1.18708166666667      -0.187000268789353     
   6.81621958333333        1.48335208333333      -0.175634915606386     
   6.81621958333333        1.77962250000000      -0.164966872066960     
   6.81621958333333        2.07589291666667      -0.154903588066066     
   6.81621958333333        2.37216333333333      -0.145423563555006     
   6.81621958333333        2.66843375000000      -0.136566148349932     
   6.81621958333333        2.96470416666667      -0.128185070123323     
   6.81621958333333        3.26097458333333      -0.120152289849607     
   6.81621958333333        3.55724500000000      -0.112374222278928     
   6.81621958333333        3.85351541666667      -0.104813322449779     
   6.81621958333333        4.14978583333333      -9.750513408547912E-002
   6.81621958333333        4.44605625000000      -9.054407021669932E-002
   6.81621958333333        4.74232666666667      -8.404997436622279E-002
   6.81621958333333        5.03859708333333      -7.813364758666452E-002
   6.81621958333333        5.33486750000000      -7.288754630727191E-002
   6.81621958333333        5.63113791666667      -6.839407718149827E-002
   6.81621958333333        5.92740833333333      -6.471057781367670E-002
   6.81621958333333        6.22367875000000      -6.178265144930312E-002
   6.81621958333333        6.51994916666667      -5.912878937084012E-002
   6.81621958333333        6.81621958333333      -5.553878028283016E-002
   6.81621958333333        7.11249000000000      -5.167186499747382E-002
   7.11249000000000       2.000000000000000E-003 -0.204655428741404     
   7.11249000000000       0.298270416666667      -0.201278889161601     
   7.11249000000000       0.594540833333333      -0.192028250152880     
   7.11249000000000       0.890811250000000      -0.180874635352743     
   7.11249000000000        1.18708166666667      -0.170153078448176     
   7.11249000000000        1.48335208333333      -0.160243285343163     
   7.11249000000000        1.77962250000000      -0.151031770031903     
   7.11249000000000        2.07589291666667      -0.142386947744995     
   7.11249000000000        2.37216333333333      -0.134250837660930     
   7.11249000000000        2.66843375000000      -0.126612333604896     
   7.11249000000000        2.96470416666667      -0.119361631973259     
   7.11249000000000        3.26097458333333      -0.112373940051808     
   7.11249000000000        3.55724500000000      -0.105541518789650     
   7.11249000000000        3.85351541666667      -9.881515656161431E-002
   7.11249000000000        4.14978583333333      -9.223621961468573E-002
   7.11249000000000        4.44605625000000      -8.591995996496517E-002
   7.11249000000000        4.74232666666667      -8.001112016503784E-002
   7.11249000000000        5.03859708333333      -7.464162079789032E-002
   7.11249000000000        5.33486750000000      -6.992324336083858E-002
   7.11249000000000        5.63113791666667      -6.593150319898422E-002
   7.11249000000000        5.92740833333333      -6.270935767395940E-002
   7.11249000000000        6.22367875000000      -6.017459747699362E-002
   7.11249000000000        6.51994916666667      -5.778758821026591E-002
   7.11249000000000        6.81621958333333      -5.406302562513688E-002
   7.11249000000000        7.11249000000000      -4.946234166950447E-002
