  2.000000000000000E-003  2.000000000000000E-003 -0.171228911475632     
  2.000000000000000E-003  0.298270416666667      -0.179650220944166     
  2.000000000000000E-003  0.594540833333333      -0.183324712246290     
  2.000000000000000E-003  0.890811250000000      -0.182094430848543     
  2.000000000000000E-003   1.18708166666667      -0.180014775953369     
  2.000000000000000E-003   1.48335208333333      -0.178132721337453     
  2.000000000000000E-003   1.77962250000000      -0.176237695642444     
  2.000000000000000E-003   2.07589291666667      -0.173988296431739     
  2.000000000000000E-003   2.37216333333333      -0.171130454794724     
  2.000000000000000E-003   2.66843375000000      -0.167499891437964     
  2.000000000000000E-003   2.96470416666667      -0.162941792843624     
  2.000000000000000E-003   3.26097458333333      -0.157432101641862     
  2.000000000000000E-003   3.55724500000000      -0.151049862336166     
  2.000000000000000E-003   3.85351541666667      -0.143968775095201     
  2.000000000000000E-003   4.14978583333333      -0.136455265440946     
  2.000000000000000E-003   4.44605625000000      -0.128824077798652     
  2.000000000000000E-003   4.74232666666667      -0.121382132508921     
  2.000000000000000E-003   5.03859708333333      -0.114392937958511     
  2.000000000000000E-003   5.33486750000000      -0.108085299641571     
  2.000000000000000E-003   5.63113791666667      -0.102674259810504     
  2.000000000000000E-003   5.92740833333333      -9.833945645992316E-002
  2.000000000000000E-003   6.22367875000000      -9.502944294410082E-002
  2.000000000000000E-003   6.51994916666667      -9.171986913989580E-002
  2.000000000000000E-003   6.81621958333333      -8.547129545905499E-002
  2.000000000000000E-003   7.11249000000000      -7.778182729100203E-002
  0.298270416666667       2.000000000000000E-003 -0.186266684528417     
  0.298270416666667       0.298270416666667      -0.191152578554782     
  0.298270416666667       0.594540833333333      -0.194384518998986     
  0.298270416666667       0.890811250000000      -0.195576620577785     
  0.298270416666667        1.18708166666667      -0.195896511943416     
  0.298270416666667        1.48335208333333      -0.195772148987491     
  0.298270416666667        1.77962250000000      -0.194978383373553     
  0.298270416666667        2.07589291666667      -0.193224247451353     
  0.298270416666667        2.37216333333333      -0.190300926490657     
  0.298270416666667        2.66843375000000      -0.186054361206892     
  0.298270416666667        2.96470416666667      -0.180438833052102     
  0.298270416666667        3.26097458333333      -0.173567439400033     
  0.298270416666667        3.55724500000000      -0.165669905525941     
  0.298270416666667        3.85351541666667      -0.157054879784538     
  0.298270416666667        4.14978583333333      -0.148077462982090     
  0.298270416666667        4.44605625000000      -0.139089857092742     
  0.298270416666667        4.74232666666667      -0.130396886689692     
  0.298270416666667        5.03859708333333      -0.122230383662887     
  0.298270416666667        5.33486750000000      -0.114704047671819     
  0.298270416666667        5.63113791666667      -0.107997186332614     
  0.298270416666667        5.92740833333333      -0.102303828800354     
  0.298270416666667        6.22367875000000      -9.764474927135768E-002
  0.298270416666667        6.51994916666667      -9.346821878066822E-002
  0.298270416666667        6.81621958333333      -8.862876387555527E-002
  0.298270416666667        7.11249000000000      -8.248185233104087E-002
  0.594540833333333       2.000000000000000E-003 -0.199163361034707     
  0.594540833333333       0.298270416666667      -0.206050077282879     
  0.594540833333333       0.594540833333333      -0.208528725041061     
  0.594540833333333       0.890811250000000      -0.211398951320852     
  0.594540833333333        1.18708166666667      -0.214242705792040     
  0.594540833333333        1.48335208333333      -0.216169367514137     
  0.594540833333333        1.77962250000000      -0.216651946978843     
  0.594540833333333        2.07589291666667      -0.215425377436218     
  0.594540833333333        2.37216333333333      -0.212310205323790     
  0.594540833333333        2.66843375000000      -0.207192915157435     
  0.594540833333333        2.96470416666667      -0.200177591196978     
  0.594540833333333        3.26097458333333      -0.191561719018718     
  0.594540833333333        3.55724500000000      -0.181771763229030     
  0.594540833333333        3.85351541666667      -0.171289049981489     
  0.594540833333333        4.14978583333333      -0.160573936317491     
  0.594540833333333        4.44605625000000      -0.150006258883641     
  0.594540833333333        4.74232666666667      -0.139862025390274     
  0.594540833333333        5.03859708333333      -0.130319992893027     
  0.594540833333333        5.33486750000000      -0.121407627127149     
  0.594540833333333        5.63113791666667      -0.113258017665424     
  0.594540833333333        5.92740833333333      -0.106135949576080     
  0.594540833333333        6.22367875000000      -0.100310799879930     
  0.594540833333333        6.51994916666667      -9.588377449686060E-002
  0.594540833333333        6.81621958333333      -9.197599500467320E-002
  0.594540833333333        7.11249000000000      -8.517012571065706E-002
  0.890811250000000       2.000000000000000E-003 -0.210539278573502     
  0.890811250000000       0.298270416666667      -0.220254278722261     
  0.890811250000000       0.594540833333333      -0.226384712672535     
  0.890811250000000       0.890811250000000      -0.231984011339844     
  0.890811250000000        1.18708166666667      -0.237184590216315     
  0.890811250000000        1.48335208333333      -0.240940492369664     
  0.890811250000000        1.77962250000000      -0.242513109767002     
  0.890811250000000        2.07589291666667      -0.241599022782925     
  0.890811250000000        2.37216333333333      -0.237963746110817     
  0.890811250000000        2.66843375000000      -0.231566438884956     
  0.890811250000000        2.96470416666667      -0.222685240052097     
  0.890811250000000        3.26097458333333      -0.211836115155919     
  0.890811250000000        3.55724500000000      -0.199688867012764     
  0.890811250000000        3.85351541666667      -0.186945635664742     
  0.890811250000000        4.14978583333333      -0.174194412046265     
  0.890811250000000        4.44605625000000      -0.161820525998870     
  0.890811250000000        4.74232666666667      -0.150026968027760     
  0.890811250000000        5.03859708333333      -0.138912522023684     
  0.890811250000000        5.33486750000000      -0.128495446330389     
  0.890811250000000        5.63113791666667      -0.118869277698135     
  0.890811250000000        5.92740833333333      -0.110399934428815     
  0.890811250000000        6.22367875000000      -0.103455829451486     
  0.890811250000000        6.51994916666667      -9.806702128890568E-002
  0.890811250000000        6.81621958333333      -9.306607367058722E-002
  0.890811250000000        7.11249000000000      -8.635377214198277E-002
   1.18708166666667       2.000000000000000E-003 -0.223390893888295     
   1.18708166666667       0.298270416666667      -0.236564032704313     
   1.18708166666667       0.594540833333333      -0.247535303084988     
   1.18708166666667       0.890811250000000      -0.257169436775529     
   1.18708166666667        1.18708166666667      -0.265285106931643     
   1.18708166666667        1.48335208333333      -0.270995569464873     
   1.18708166666667        1.77962250000000      -0.273618160905279     
   1.18708166666667        2.07589291666667      -0.272812983787940     
   1.18708166666667        2.37216333333333      -0.268294897070054     
   1.18708166666667        2.66843375000000      -0.260142699103810     
   1.18708166666667        2.96470416666667      -0.248813466512870     
   1.18708166666667        3.26097458333333      -0.235068637294360     
   1.18708166666667        3.55724500000000      -0.219906663663467     
   1.18708166666667        3.85351541666667      -0.204372998100022     
   1.18708166666667        4.14978583333333      -0.189239256553198     
   1.18708166666667        4.44605625000000      -0.174831265780344     
   1.18708166666667        4.74232666666667      -0.161179498752080     
   1.18708166666667        5.03859708333333      -0.148268373864382     
   1.18708166666667        5.33486750000000      -0.136144386882679     
   1.18708166666667        5.63113791666667      -0.124937649250295     
   1.18708166666667        5.92740833333333      -0.115037591575865     
   1.18708166666667        6.22367875000000      -0.106787492106897     
   1.18708166666667        6.51994916666667      -0.100070405028781     
   1.18708166666667        6.81621958333333      -9.395059912761400E-002
   1.18708166666667        7.11249000000000      -8.726275746763248E-002
   1.48335208333333       2.000000000000000E-003 -0.238478819216445     
   1.48335208333333       0.298270416666667      -0.255894592112166     
   1.48335208333333       0.594540833333333      -0.272131858153825     
   1.48335208333333       0.890811250000000      -0.286649529344936     
   1.48335208333333        1.18708166666667      -0.298510930985042     
   1.48335208333333        1.48335208333333      -0.306756566893957     
   1.48335208333333        1.77962250000000      -0.310835887088213     
   1.48335208333333        2.07589291666667      -0.310251129075357     
   1.48335208333333        2.37216333333333      -0.304737326006188     
   1.48335208333333        2.66843375000000      -0.294446712930100     
   1.48335208333333        2.96470416666667      -0.279935599202058     
   1.48335208333333        3.26097458333333      -0.262206521121403     
   1.48335208333333        3.55724500000000      -0.243056408066062     
   1.48335208333333        3.85351541666667      -0.224009809381282     
   1.48335208333333        4.14978583333333      -0.205982031220610     
   1.48335208333333        4.44605625000000      -0.189360124090510     
   1.48335208333333        4.74232666666667      -0.173622459494541     
   1.48335208333333        5.03859708333333      -0.158582245480322     
   1.48335208333333        5.33486750000000      -0.144397846880182     
   1.48335208333333        5.63113791666667      -0.131360274286549     
   1.48335208333333        5.92740833333333      -0.119842939831850     
   1.48335208333333        6.22367875000000      -0.110165548731588     
   1.48335208333333        6.51994916666667      -0.102175948352084     
   1.48335208333333        6.81621958333333      -9.515515005910449E-002
   1.48335208333333        7.11249000000000      -8.826701229051193E-002
   1.77962250000000       2.000000000000000E-003 -0.255509372886506     
   1.77962250000000       0.298270416666667      -0.277941653278100     
   1.77962250000000       0.594540833333333      -0.299987456155198     
   1.77962250000000       0.890811250000000      -0.320095679589862     
   1.77962250000000        1.18708166666667      -0.336663939219705     
   1.77962250000000        1.48335208333333      -0.348524555321255     
   1.77962250000000        1.77962250000000      -0.355007107266351     
   1.77962250000000        2.07589291666667      -0.355542513538372     
   1.77962250000000        2.37216333333333      -0.349513620285236     
   1.77962250000000        2.66843375000000      -0.335829587718162     
   1.77962250000000        2.96470416666667      -0.316396097069618     
   1.77962250000000        3.26097458333333      -0.293856446492485     
   1.77962250000000        3.55724500000000      -0.270601839552642     
   1.77962250000000        3.85351541666667      -0.248146654210850     
   1.77962250000000        4.14978583333333      -0.227058346633023     
   1.77962250000000        4.44605625000000      -0.207013663689637     
   1.77962250000000        4.74232666666667      -0.187895491152661     
   1.77962250000000        5.03859708333333      -0.170016536669439     
   1.77962250000000        5.33486750000000      -0.153189510460497     
   1.77962250000000        5.63113791666667      -0.137905555961549     
   1.77962250000000        5.92740833333333      -0.124572076663623     
   1.77962250000000        6.22367875000000      -0.113426142465602     
   1.77962250000000        6.51994916666667      -0.104298463116963     
   1.77962250000000        6.81621958333333      -9.654848342099344E-002
   1.77962250000000        7.11249000000000      -8.938281658192017E-002
   2.07589291666667       2.000000000000000E-003 -0.273942101906198     
   2.07589291666667       0.298270416666667      -0.301988586088294     
   2.07589291666667       0.594540833333333      -0.330466523056780     
   2.07589291666667       0.890811250000000      -0.356903479135510     
   2.07589291666667        1.18708166666667      -0.379220740349939     
   2.07589291666667        1.48335208333333      -0.396077469228337     
   2.07589291666667        1.77962250000000      -0.407032672279907     
   2.07589291666667        2.07589291666667      -0.410761875990118     
   2.07589291666667        2.37216333333333      -0.402799014266159     
   2.07589291666667        2.66843375000000      -0.384606138462976     
   2.07589291666667        2.96470416666667      -0.359803295371909     
   2.07589291666667        3.26097458333333      -0.332306880307426     
   2.07589291666667        3.55724500000000      -0.305053652299015     
   2.07589291666667        3.85351541666667      -0.279468415246941     
   2.07589291666667        4.14978583333333      -0.255293842223160     
   2.07589291666667        4.44605625000000      -0.231112872473209     
   2.07589291666667        4.74232666666667      -0.206532904250112     
   2.07589291666667        5.03859708333333      -0.182956897386906     
   2.07589291666667        5.33486750000000      -0.162278941329429     
   2.07589291666667        5.63113791666667      -0.144254558346440     
   2.07589291666667        5.92740833333333      -0.128909876724675     
   2.07589291666667        6.22367875000000      -0.116308996209604     
   2.07589291666667        6.51994916666667      -0.106189863406152     
   2.07589291666667        6.81621958333333      -9.787145596080192E-002
   2.07589291666667        7.11249000000000      -9.047724748995598E-002
   2.37216333333333       2.000000000000000E-003 -0.293128532491938     
   2.37216333333333       0.298270416666667      -0.327252508269996     
   2.37216333333333       0.594540833333333      -0.362430638743662     
   2.37216333333333       0.890811250000000      -0.395584631767462     
   2.37216333333333        1.18708166666667      -0.424328858594218     
   2.37216333333333        1.48335208333333      -0.448144089462744     
   2.37216333333333        1.77962250000000      -0.467577493703925     
   2.37216333333333        2.07589291666667      -0.473915333568039     
   2.37216333333333        2.37216333333333      -0.464604059208384     
   2.37216333333333        2.66843375000000      -0.442670570087792     
   2.37216333333333        2.96470416666667      -0.413084156938975     
   2.37216333333333        3.26097458333333      -0.381320520864058     
   2.37216333333333        3.55724500000000      -0.350522353137262     
   2.37216333333333        3.85351541666667      -0.321748709673743     
   2.37216333333333        4.14978583333333      -0.293880215270257     
   2.37216333333333        4.44605625000000      -0.263648035307652     
   2.37216333333333        4.74232666666667      -0.230703436389213     
   2.37216333333333        5.03859708333333      -0.198513440722659     
   2.37216333333333        5.33486750000000      -0.171116053924438     
   2.37216333333333        5.63113791666667      -0.149936219155297     
   2.37216333333333        5.92740833333333      -0.132569420148369     
   2.37216333333333        6.22367875000000      -0.118601650432947     
   2.37216333333333        6.51994916666667      -0.107637903476003     
   2.37216333333333        6.81621958333333      -9.889818056974814E-002
   2.37216333333333        7.11249000000000      -9.137936362049473E-002
   2.66843375000000       2.000000000000000E-003 -0.311754028608761     
   2.66843375000000       0.298270416666667      -0.351670640166439     
   2.66843375000000       0.594540833333333      -0.393078990058530     
   2.66843375000000       0.890811250000000      -0.432553941708441     
   2.66843375000000        1.18708166666667      -0.468298370462266     
   2.66843375000000        1.48335208333333      -0.501987845223676     
   2.66843375000000        1.77962250000000      -0.530710654809849     
   2.66843375000000        2.07589291666667      -0.541269701577532     
   2.66843375000000        2.37216333333333      -0.533338712312406     
   2.66843375000000        2.66843375000000      -0.509907928393368     
   2.66843375000000        2.96470416666667      -0.477574339902829     
   2.66843375000000        3.26097458333333      -0.444189023099505     
   2.66843375000000        3.55724500000000      -0.411463274501294     
   2.66843375000000        3.85351541666667      -0.379922928759793     
   2.66843375000000        4.14978583333333      -0.347787549954531     
   2.66843375000000        4.44605625000000      -0.307422701648100     
   2.66843375000000        4.74232666666667      -0.260712815446078     
   2.66843375000000        5.03859708333333      -0.216054628986559     
   2.66843375000000        5.33486750000000      -0.179759233449335     
   2.66843375000000        5.63113791666667      -0.154256630180217     
   2.66843375000000        5.92740833333333      -0.135312024108066     
   2.66843375000000        6.22367875000000      -0.120258903952464     
   2.66843375000000        6.51994916666667      -0.108642071401376     
   2.66843375000000        6.81621958333333      -9.962607377994201E-002
   2.66843375000000        7.11249000000000      -9.208311546175209E-002
   2.96470416666667       2.000000000000000E-003 -0.327294870385079     
   2.96470416666667       0.298270416666667      -0.371985670580445     
   2.96470416666667       0.594540833333333      -0.418505577069123     
   2.96470416666667       0.890811250000000      -0.463442891995605     
   2.96470416666667        1.18708166666667      -0.506222861011318     
   2.96470416666667        1.48335208333333      -0.551989207902740     
   2.96470416666667        1.77962250000000      -0.588015150672067     
   2.96470416666667        2.07589291666667      -0.604804404622479     
   2.96470416666667        2.37216333333333      -0.601877571499060     
   2.96470416666667        2.66843375000000      -0.580299084823057     
   2.96470416666667        2.96470416666667      -0.547992096484399     
   2.96470416666667        3.26097458333333      -0.516585931406535     
   2.96470416666667        3.55724500000000      -0.484523838748283     
   2.96470416666667        3.85351541666667      -0.456356694540319     
   2.96470416666667        4.14978583333333      -0.422872435287069     
   2.96470416666667        4.44605625000000      -0.364225381083377     
   2.96470416666667        4.74232666666667      -0.295125723209253     
   2.96470416666667        5.03859708333333      -0.233801585096081     
   2.96470416666667        5.33486750000000      -0.187402680882931     
   2.96470416666667        5.63113791666667      -0.156680379062915     
   2.96470416666667        5.92740833333333      -0.136994128513698     
   2.96470416666667        6.22367875000000      -0.121300075944625     
   2.96470416666667        6.51994916666667      -0.109263770969181     
   2.96470416666667        6.81621958333333      -0.100089875009974     
   2.96470416666667        7.11249000000000      -9.257715695761520E-002
   3.26097458333333       2.000000000000000E-003 -0.337620622357818     
   3.26097458333333       0.298270416666667      -0.385439948233116     
   3.26097458333333       0.594540833333333      -0.435329521548593     
   3.26097458333333       0.890811250000000      -0.484077779489352     
   3.26097458333333        1.18708166666667      -0.532401531863212     
   3.26097458333333        1.48335208333333      -0.586585987447892     
   3.26097458333333        1.77962250000000      -0.629351441479208     
   3.26097458333333        2.07589291666667      -0.652346355605074     
   3.26097458333333        2.37216333333333      -0.655422751258161     
   3.26097458333333        2.66843375000000      -0.638336222530333     
   3.26097458333333        2.96470416666667      -0.609890005934473     
   3.26097458333333        3.26097458333333      -0.583616850420820     
   3.26097458333333        3.55724500000000      -0.545176842590859     
   3.26097458333333        3.85351541666667      -0.546050666018151     
   3.26097458333333        4.14978583333333      -0.516009495163878     
   3.26097458333333        4.44605625000000      -0.424621453587556     
   3.26097458333333        4.74232666666667      -0.326451944119414     
   3.26097458333333        5.03859708333333      -0.248022576402498     
   3.26097458333333        5.33486750000000      -0.192792393800484     
   3.26097458333333        5.63113791666667      -0.158076232562293     
   3.26097458333333        5.92740833333333      -0.137749067170579     
   3.26097458333333        6.22367875000000      -0.121825946272900     
   3.26097458333333        6.51994916666667      -0.109584356626069     
   3.26097458333333        6.81621958333333      -0.100337581051412     
   3.26097458333333        7.11249000000000      -9.286391539451364E-002
   3.55724500000000       2.000000000000000E-003 -0.341255014023164     
   3.55724500000000       0.298270416666667      -0.390155976170628     
   3.55724500000000       0.594540833333333      -0.441216502602700     
   3.55724500000000       0.890811250000000      -0.491342975157282     
   3.55724500000000        1.18708166666667      -0.541814331305476     
   3.55724500000000        1.48335208333333      -0.599495867306536     
   3.55724500000000        1.77962250000000      -0.643875807914395     
   3.55724500000000        2.07589291666667      -0.669974279691676     
   3.55724500000000        2.37216333333333      -0.675980835561624     
   3.55724500000000        2.66843375000000      -0.661882058915163     
   3.55724500000000        2.96470416666667      -0.638933550818575     
   3.55724500000000        3.26097458333333      -0.635045805073496     
   3.55724500000000        3.55724500000000      -0.584585301335067     
   3.55724500000000        3.85351541666667      -0.605717124590418     
   3.55724500000000        4.14978583333333      -0.569880668076268     
   3.55724500000000        4.44605625000000      -0.453879041232799     
   3.55724500000000        4.74232666666667      -0.339854312398467     
   3.55724500000000        5.03859708333333      -0.253657312888266     
   3.55724500000000        5.33486750000000      -0.194877217217133     
   3.55724500000000        5.63113791666667      -0.158431427139847     
   3.55724500000000        5.92740833333333      -0.137934661906860     
   3.55724500000000        6.22367875000000      -0.121979510836824     
   3.55724500000000        6.51994916666667      -0.109681548466884     
   3.55724500000000        6.81621958333333      -0.100414392533598     
   3.55724500000000        7.11249000000000      -9.295675158607168E-002
   3.85351541666667       2.000000000000000E-003 -0.337620258636139     
   3.85351541666667       0.298270416666667      -0.385438574000141     
   3.85351541666667       0.594540833333333      -0.435327193615297     
   3.85351541666667       0.890811250000000      -0.484074682228051     
   3.85351541666667        1.18708166666667      -0.532397704835912     
   3.85351541666667        1.48335208333333      -0.586580782258644     
   3.85351541666667        1.77962250000000      -0.629342874871584     
   3.85351541666667        2.07589291666667      -0.652331663625933     
   3.85351541666667        2.37216333333333      -0.655397256951360     
   3.85351541666667        2.66843375000000      -0.638292965637428     
   3.85351541666667        2.96470416666667      -0.609828431226282     
   3.85351541666667        3.26097458333333      -0.583574508494484     
   3.85351541666667        3.55724500000000      -0.545174873559210     
   3.85351541666667        3.85351541666667      -0.546098709789983     
   3.85351541666667        4.14978583333333      -0.516083869988450     
   3.85351541666667        4.44605625000000      -0.424675756117897     
   3.85351541666667        4.74232666666667      -0.326484476024753     
   3.85351541666667        5.03859708333333      -0.248040688957817     
   3.85351541666667        5.33486750000000      -0.192802029843546     
   3.85351541666667        5.63113791666667      -0.158081753730362     
   3.85351541666667        5.92740833333333      -0.137753689087796     
   3.85351541666667        6.22367875000000      -0.121830448322738     
   3.85351541666667        6.51994916666667      -0.109588831216796     
   3.85351541666667        6.81621958333333      -0.100341881013984     
   3.85351541666667        7.11249000000000      -9.286773970999945E-002
   4.14978583333333       2.000000000000000E-003 -0.327293935140288     
   4.14978583333333       0.298270416666667      -0.371982893550120     
   4.14978583333333       0.594540833333333      -0.418501138646606     
   4.14978583333333       0.890811250000000      -0.463437220703472     
   4.14978583333333        1.18708166666667      -0.506216165157209     
   4.14978583333333        1.48335208333333      -0.551980729034163     
   4.14978583333333        1.77962250000000      -0.588001999054824     
   4.14978583333333        2.07589291666667      -0.604783469369845     
   4.14978583333333        2.37216333333333      -0.601845034535499     
   4.14978583333333        2.66843375000000      -0.580254067075834     
   4.14978583333333        2.96470416666667      -0.547945425861714     
   4.14978583333333        3.26097458333333      -0.516563319542732     
   4.14978583333333        3.55724500000000      -0.484521290247540     
   4.14978583333333        3.85351541666667      -0.456382512837824     
   4.14978583333333        4.14978583333333      -0.422932211901310     
   4.14978583333333        4.44605625000000      -0.364284589340258     
   4.14978583333333        4.74232666666667      -0.295168367366457     
   4.14978583333333        5.03859708333333      -0.233828149033528     
   4.14978583333333        5.33486750000000      -0.187418085016416     
   4.14978583333333        5.63113791666667      -0.156690314527875     
   4.14978583333333        5.92740833333333      -0.137003125901114     
   4.14978583333333        6.22367875000000      -0.121308972896824     
   4.14978583333333        6.51994916666667      -0.109272659135110     
   4.14978583333333        6.81621958333333      -0.100098323659380     
   4.14978583333333        7.11249000000000      -9.258454958689089E-002
   4.44605625000000       2.000000000000000E-003 -0.311752132952387     
   4.44605625000000       0.298270416666667      -0.351666200634968     
   4.44605625000000       0.594540833333333      -0.393072583205625     
   4.44605625000000       0.890811250000000      -0.432546347877880     
   4.44605625000000        1.18708166666667      -0.468290036319563     
   4.44605625000000        1.48335208333333      -0.501978225168923     
   4.44605625000000        1.77962250000000      -0.530697414236668     
   4.44605625000000        2.07589291666667      -0.541250449745369     
   4.44605625000000        2.37216333333333      -0.533312854908796     
   4.44605625000000        2.66843375000000      -0.509879024368637     
   4.44605625000000        2.96470416666667      -0.477551732963398     
   4.44605625000000        3.26097458333333      -0.444179854723457     
   4.44605625000000        3.55724500000000      -0.411461853962340     
   4.44605625000000        3.85351541666667      -0.379933884173956     
   4.44605625000000        4.14978583333333      -0.347819208242997     
   4.44605625000000        4.44605625000000      -0.307463154547638     
   4.44605625000000        4.74232666666667      -0.260748396960118     
   4.44605625000000        5.03859708333333      -0.216080225514821     
   4.44605625000000        5.33486750000000      -0.179776275031390     
   4.44605625000000        5.63113791666667      -0.154270089979892     
   4.44605625000000        5.92740833333333      -0.135325002473454     
   4.44605625000000        6.22367875000000      -0.120272125664991     
   4.44605625000000        6.51994916666667      -0.108655366915121     
   4.44605625000000        6.81621958333333      -9.963859547461913E-002
   4.44605625000000        7.11249000000000      -9.209373559306727E-002
   4.74232666666667       2.000000000000000E-003 -0.293124968093168     
   4.74232666666667       0.298270416666667      -0.327245723947456     
   4.74232666666667       0.594540833333333      -0.362421950875541     
   4.74232666666667       0.890811250000000      -0.395575414744730     
   4.74232666666667        1.18708166666667      -0.424319706880193     
   4.74232666666667        1.48335208333333      -0.448134688424738     
   4.74232666666667        1.77962250000000      -0.467566265727902     
   4.74232666666667        2.07589291666667      -0.473900624300721     
   4.74232666666667        2.37216333333333      -0.464586419826184     
   4.74232666666667        2.66843375000000      -0.442653567375097     
   4.74232666666667        2.96470416666667      -0.413072474941699     
   4.74232666666667        3.26097458333333      -0.381315381316716     
   4.74232666666667        3.55724500000000      -0.350521147521359     
   4.74232666666667        3.85351541666667      -0.321753917272357     
   4.74232666666667        4.14978583333333      -0.293896688871062     
   4.74232666666667        4.44605625000000      -0.263672761648222     
   4.74232666666667        4.74232666666667      -0.230728836534970     
   4.74232666666667        5.03859708333333      -0.198534621611305     
   4.74232666666667        5.33486750000000      -0.171133105857406     
   4.74232666666667        5.63113791666667      -0.149952441307080     
   4.74232666666667        5.92740833333333      -0.132586162629895     
   4.74232666666667        6.22367875000000      -0.118619395728349     
   4.74232666666667        6.51994916666667      -0.107656016711001     
   4.74232666666667        6.81621958333333      -9.891506094589733E-002
   4.74232666666667        7.11249000000000      -9.139304191042430E-002
   5.03859708333333       2.000000000000000E-003 -0.273935697041753     
   5.03859708333333       0.298270416666667      -0.301977673543241     
   5.03859708333333       0.594540833333333      -0.330454230535082     
   5.03859708333333       0.890811250000000      -0.356892074115877     
   5.03859708333333        1.18708166666667      -0.379210896587740     
   5.03859708333333        1.48335208333333      -0.396068532728303     
   5.03859708333333        1.77962250000000      -0.407023367009823     
   5.03859708333333        2.07589291666667      -0.410750884267987     
   5.03859708333333        2.37216333333333      -0.402786524396882     
   5.03859708333333        2.66843375000000      -0.384594330252037     
   5.03859708333333        2.96470416666667      -0.359794676061995     
   5.03859708333333        3.26097458333333      -0.332302079405319     
   5.03859708333333        3.55724500000000      -0.305052249712323     
   5.03859708333333        3.85351541666667      -0.279471890024582     
   5.03859708333333        4.14978583333333      -0.255304298860474     
   5.03859708333333        4.44605625000000      -0.231129278676620     
   5.03859708333333        4.74232666666667      -0.206551434908579     
   5.03859708333333        5.03859708333333      -0.182974698983191     
   5.03859708333333        5.33486750000000      -0.162296434127593     
   5.03859708333333        5.63113791666667      -0.144273032731787     
   5.03859708333333        5.92740833333333      -0.128930413524254     
   5.03859708333333        6.22367875000000      -0.116332052246715     
   5.03859708333333        6.51994916666667      -0.106214294650369     
   5.03859708333333        6.81621958333333      -9.789411019447282E-002
   5.03859708333333        7.11249000000000      -9.049438467168452E-002
   5.33486750000000       2.000000000000000E-003 -0.255497912955646     
   5.33486750000000       0.298270416666667      -0.277922208401938     
   5.33486750000000       0.594540833333333      -0.299967495054490     
   5.33486750000000       0.890811250000000      -0.320080131975857     
   5.33486750000000        1.18708166666667      -0.336653110200709     
   5.33486750000000        1.48335208333333      -0.348515825795589     
   5.33486750000000        1.77962250000000      -0.354998619145560     
   5.33486750000000        2.07589291666667      -0.355533154946406     
   5.33486750000000        2.37216333333333      -0.349503188543810     
   5.33486750000000        2.66843375000000      -0.335819403002819     
   5.33486750000000        2.96470416666667      -0.316387840962838     
   5.33486750000000        3.26097458333333      -0.293851287757664     
   5.33486750000000        3.55724500000000      -0.270600532777634     
   5.33486750000000        3.85351541666667      -0.248150039339958     
   5.33486750000000        4.14978583333333      -0.227066994505861     
   5.33486750000000        4.44605625000000      -0.207026595765782     
   5.33486750000000        4.74232666666667      -0.187910720942323     
   5.33486750000000        5.03859708333333      -0.170032929351728     
   5.33486750000000        5.33486750000000      -0.153207302036719     
   5.33486750000000        5.63113791666667      -0.137925880538576     
   5.33486750000000        5.92740833333333      -0.124596584801160     
   5.33486750000000        6.22367875000000      -0.113455925717877     
   5.33486750000000        6.51994916666667      -0.104331443543926     
   5.33486750000000        6.81621958333333      -9.657864425395848E-002
   5.33486750000000        7.11249000000000      -8.940287519906727E-002
   5.63113791666667       2.000000000000000E-003 -0.238460270137653     
   5.63113791666667       0.298270416666667      -0.255861504444010     
   5.63113791666667       0.594540833333333      -0.272099826414604     
   5.63113791666667       0.890811250000000      -0.286627387403475     
   5.63113791666667        1.18708166666667      -0.298498056535357     
   5.63113791666667        1.48335208333333      -0.306748046506717     
   5.63113791666667        1.77962250000000      -0.310827514491487     
   5.63113791666667        2.07589291666667      -0.310241810395231     
   5.63113791666667        2.37216333333333      -0.304727145797586     
   5.63113791666667        2.66843375000000      -0.294436718055127     
   5.63113791666667        2.96470416666667      -0.279927260635127     
   5.63113791666667        3.26097458333333      -0.262201372215576     
   5.63113791666667        3.55724500000000      -0.243055406904288     
   5.63113791666667        3.85351541666667      -0.224013421025890     
   5.63113791666667        4.14978583333333      -0.205990034365784     
   5.63113791666667        4.44605625000000      -0.189371476594171     
   5.63113791666667        4.74232666666667      -0.173636144725838     
   5.63113791666667        5.03859708333333      -0.158597691214995     
   5.63113791666667        5.33486750000000      -0.144415372630982     
   5.63113791666667        5.63113791666667      -0.131381445307567     
   5.63113791666667        5.92740833333333      -0.119870615431416     
   5.63113791666667        6.22367875000000      -0.110201954843231     
   5.63113791666667        6.51994916666667      -0.102218661814656     
   5.63113791666667        6.81621958333333      -9.519402662385175E-002
   5.63113791666667        7.11249000000000      -8.828848082030852E-002
   5.92740833333333       2.000000000000000E-003 -0.223363892978785     
   5.92740833333333       0.298270416666667      -0.236512101271326     
   5.92740833333333       0.594540833333333      -0.247489615943980     
   5.92740833333333       0.890811250000000      -0.257142244304151     
   5.92740833333333        1.18708166666667      -0.265271476780951     
   5.92740833333333        1.48335208333333      -0.270987310165205     
   5.92740833333333        1.77962250000000      -0.273609869604017     
   5.92740833333333        2.07589291666667      -0.272803033395100     
   5.92740833333333        2.37216333333333      -0.268284073469866     
   5.92740833333333        2.66843375000000      -0.260132239963672     
   5.92740833333333        2.96470416666667      -0.248804929919429     
   5.92740833333333        3.26097458333333      -0.235063407850286     
   5.92740833333333        3.55724500000000      -0.219905694002025     
   5.92740833333333        3.85351541666667      -0.204376435866527     
   5.92740833333333        4.14978583333333      -0.189246581941631     
   5.92740833333333        4.44605625000000      -0.174841638676006     
   5.92740833333333        4.74232666666667      -0.161192065800570     
   5.92740833333333        5.03859708333333      -0.148282622422208     
   5.92740833333333        5.33486750000000      -0.136160552005538     
   5.92740833333333        5.63113791666667      -0.124957467328317     
   5.92740833333333        5.92740833333333      -0.115064850537901     
   5.92740833333333        6.22367875000000      -0.106826806154731     
   5.92740833333333        6.51994916666667      -0.100121723542017     
   5.92740833333333        6.81621958333333      -9.399921284842623E-002
   5.92740833333333        7.11249000000000      -8.728311235961139E-002
   6.22367875000000       2.000000000000000E-003 -0.210503877571313     
   6.22367875000000       0.298270416666667      -0.220180614001234     
   6.22367875000000       0.594540833333333      -0.226331603613458     
   6.22367875000000       0.890811250000000      -0.231959188141646     
   6.22367875000000        1.18708166666667      -0.237173769464553     
   6.22367875000000        1.48335208333333      -0.240933133136567     
   6.22367875000000        1.77962250000000      -0.242504555969202     
   6.22367875000000        2.07589291666667      -0.241588374994540     
   6.22367875000000        2.37216333333333      -0.237952263771771     
   6.22367875000000        2.66843375000000      -0.231555714974622     
   6.22367875000000        2.96470416666667      -0.222676708835525     
   6.22367875000000        3.26097458333333      -0.211831005738475     
   6.22367875000000        3.55724500000000      -0.199687883296478     
   6.22367875000000        3.85351541666667      -0.186948764971895     
   6.22367875000000        4.14978583333333      -0.174201094299936     
   6.22367875000000        4.44605625000000      -0.161829903812106     
   6.22367875000000        4.74232666666667      -0.150038239710018     
   6.22367875000000        5.03859708333333      -0.138925104904245     
   6.22367875000000        5.33486750000000      -0.128509085351729     
   6.22367875000000        5.63113791666667      -0.118885079238186     
   6.22367875000000        5.92740833333333      -0.110421324456327     
   6.22367875000000        6.22367875000000      -0.103489647416148     
   6.22367875000000        6.51994916666667      -9.811998028250303E-002
   6.22367875000000        6.81621958333333      -9.312440061986883E-002
   6.22367875000000        7.11249000000000      -8.636980743156202E-002
   6.51994916666667       2.000000000000000E-003 -0.199123647116026     
   6.51994916666667       0.298270416666667      -0.205967250796742     
   6.51994916666667       0.594540833333333      -0.208489128168840     
   6.51994916666667       0.890811250000000      -0.211385668943735     
   6.51994916666667        1.18708166666667      -0.214235822773619     
   6.51994916666667        1.48335208333333      -0.216161814400576     
   6.51994916666667        1.77962250000000      -0.216642233963429     
   6.51994916666667        2.07589291666667      -0.215413965103986     
   6.51994916666667        2.37216333333333      -0.212298510975555     
   6.51994916666667        2.66843375000000      -0.207182414743354     
   6.51994916666667        2.96470416666667      -0.200169492790621     
   6.51994916666667        3.26097458333333      -0.191556965647745     
   6.51994916666667        3.55724500000000      -0.181770798705158     
   6.51994916666667        3.85351541666667      -0.171291714736078     
   6.51994916666667        4.14978583333333      -0.160579668216142     
   6.51994916666667        4.44605625000000      -0.150014305769607     
   6.51994916666667        4.74232666666667      -0.139871716063518     
   6.51994916666667        5.03859708333333      -0.130330622550765     
   6.51994916666667        5.33486750000000      -0.121418647678487     
   6.51994916666667        5.63113791666667      -0.113269501739783     
   6.51994916666667        5.92740833333333      -0.106148956459564     
   6.51994916666667        6.22367875000000      -0.100329698280501     
   6.51994916666667        6.51994916666667      -9.592096384553961E-002
   6.51994916666667        6.81621958333333      -9.203654221269485E-002
   6.51994916666667        7.11249000000000      -8.518128586497027E-002
   6.81621958333333       2.000000000000000E-003 -0.186233818978243     
   6.81621958333333       0.298270416666667      -0.191109396309586     
   6.81621958333333       0.594540833333333      -0.194372371342034     
   6.81621958333333       0.890811250000000      -0.195568366226601     
   6.81621958333333        1.18708166666667      -0.195886644279461     
   6.81621958333333        1.48335208333333      -0.195760840824012     
   6.81621958333333        1.77962250000000      -0.194966282642650     
   6.81621958333333        2.07589291666667      -0.193212074812101     
   6.81621958333333        2.37216333333333      -0.190289489142986     
   6.81621958333333        2.66843375000000      -0.186044563081059     
   6.81621958333333        2.96470416666667      -0.180431507889108     
   6.81621958333333        3.26097458333333      -0.173563150372607     
   6.81621958333333        3.55724500000000      -0.165668832680242     
   6.81621958333333        3.85351541666667      -0.157056792920806     
   6.81621958333333        4.14978583333333      -0.148081900231172     
   6.81621958333333        4.44605625000000      -0.139096270418300     
   6.81621958333333        4.74232666666667      -0.130404801808044     
   6.81621958333333        5.03859708333333      -0.122239324154577     
   6.81621958333333        5.33486750000000      -0.114713897777098     
   6.81621958333333        5.63113791666667      -0.108007959002782     
   6.81621958333333        5.92740833333333      -0.102315140346276     
   6.81621958333333        6.22367875000000      -9.765553399112231E-002
   6.81621958333333        6.51994916666667      -9.348044301462889E-002
   6.81621958333333        6.81621958333333      -8.866209312922943E-002
   6.81621958333333        7.11249000000000      -8.249688310767493E-002
   7.11249000000000       2.000000000000000E-003 -0.171202756243356     
   7.11249000000000       0.298270416666667      -0.179628009930085     
   7.11249000000000       0.594540833333333      -0.183303796994586     
   7.11249000000000       0.890811250000000      -0.182074509107624     
   7.11249000000000        1.18708166666667      -0.179996597783427     
   7.11249000000000        1.48335208333333      -0.178116527647508     
   7.11249000000000        1.77962250000000      -0.176223497315444     
   7.11249000000000        2.07589291666667      -0.173975907779452     
   7.11249000000000        2.37216333333333      -0.171119720433051     
   7.11249000000000        2.66843375000000      -0.167491095600147     
   7.11249000000000        2.96470416666667      -0.162935283540337     
   7.11249000000000        3.26097458333333      -0.157428147085118     
   7.11249000000000        3.55724500000000      -0.151048489007279     
   7.11249000000000        3.85351541666667      -0.143969724852663     
   7.11249000000000        4.14978583333333      -0.136458175242240     
   7.11249000000000        4.44605625000000      -0.128828658564688     
   7.11249000000000        4.74232666666667      -0.121388154739767     
   7.11249000000000        5.03859708333333      -0.114400399430221     
   7.11249000000000        5.33486750000000      -0.108095038989893     
   7.11249000000000        5.63113791666667      -0.102687486085652     
   7.11249000000000        5.92740833333333      -9.835776935468984E-002
   7.11249000000000        6.22367875000000      -9.505412903230397E-002
   7.11249000000000        6.51994916666667      -9.174944845539625E-002
   7.11249000000000        6.81621958333333      -8.549693851952921E-002
   7.11249000000000        7.11249000000000      -7.780119315792251E-002
