  2.000000000000000E-003  2.000000000000000E-003 -0.125527805364186     
  2.000000000000000E-003  0.298270416666667      -0.136587854951447     
  2.000000000000000E-003  0.594540833333333      -0.145738874373019     
  2.000000000000000E-003  0.890811250000000      -0.151379715221167     
  2.000000000000000E-003   1.18708166666667      -0.156962899826562     
  2.000000000000000E-003   1.48335208333333      -0.163610928047003     
  2.000000000000000E-003   1.77962250000000      -0.171240764014099     
  2.000000000000000E-003   2.07589291666667      -0.179319739647818     
  2.000000000000000E-003   2.37216333333333      -0.187143081221499     
  2.000000000000000E-003   2.66843375000000      -0.194099014164573     
  2.000000000000000E-003   2.96470416666667      -0.199711708732385     
  2.000000000000000E-003   3.26097458333333      -0.203407287847249     
  2.000000000000000E-003   3.55724500000000      -0.204700670430058     
  2.000000000000000E-003   3.85351541666667      -0.203404383701049     
  2.000000000000000E-003   4.14978583333333      -0.199705869911453     
  2.000000000000000E-003   4.44605625000000      -0.194090055710324     
  2.000000000000000E-003   4.74232666666667      -0.187130293996920     
  2.000000000000000E-003   5.03859708333333      -0.179301430929275     
  2.000000000000000E-003   5.33486750000000      -0.171215077825135     
  2.000000000000000E-003   5.63113791666667      -0.163576042290722     
  2.000000000000000E-003   5.92740833333333      -0.156917338115988     
  2.000000000000000E-003   6.22367875000000      -0.151324092406408     
  2.000000000000000E-003   6.51994916666667      -0.145683055519212     
  2.000000000000000E-003   6.81621958333333      -0.136560177300324     
  2.000000000000000E-003   7.11249000000000      -0.125525865111549     
  0.298270416666667       2.000000000000000E-003 -0.136587739312553     
  0.298270416666667       0.298270416666667      -0.147193079696316     
  0.298270416666667       0.594540833333333      -0.156106818731517     
  0.298270416666667       0.890811250000000      -0.162464613281775     
  0.298270416666667        1.18708166666667      -0.169547131830217     
  0.298270416666667        1.48335208333333      -0.178308814169540     
  0.298270416666667        1.77962250000000      -0.188428024908639     
  0.298270416666667        2.07589291666667      -0.199184657856097     
  0.298270416666667        2.37216333333333      -0.209585432966374     
  0.298270416666667        2.66843375000000      -0.218802921951529     
  0.298270416666667        2.96470416666667      -0.226237242390487     
  0.298270416666667        3.26097458333333      -0.231131808812724     
  0.298270416666667        3.55724500000000      -0.232845163526498     
  0.298270416666667        3.85351541666667      -0.231127903532040     
  0.298270416666667        4.14978583333333      -0.226229448925868     
  0.298270416666667        4.44605625000000      -0.218791105169134     
  0.298270416666667        4.74232666666667      -0.209568851168699     
  0.298270416666667        5.03859708333333      -0.199161231643296     
  0.298270416666667        5.33486750000000      -0.188394928829308     
  0.298270416666667        5.63113791666667      -0.178263615228980     
  0.298270416666667        5.92740833333333      -0.169488283492490     
  0.298270416666667        6.22367875000000      -0.162394539678541     
  0.298270416666667        6.51994916666667      -0.156038806789582     
  0.298270416666667        6.81621958333333      -0.147146332990961     
  0.298270416666667        7.11249000000000      -0.136560119650106     
  0.594540833333333       2.000000000000000E-003 -0.145738719200998     
  0.594540833333333       0.298270416666667      -0.156106750041146     
  0.594540833333333       0.594540833333333      -0.164081507170276     
  0.594540833333333       0.890811250000000      -0.172370966872914     
  0.594540833333333        1.18708166666667      -0.182426977353336     
  0.594540833333333        1.48335208333333      -0.194601669904761     
  0.594540833333333        1.77962250000000      -0.208421057155000     
  0.594540833333333        2.07589291666667      -0.223030325940703     
  0.594540833333333        2.37216333333333      -0.237174994486190     
  0.594540833333333        2.66843375000000      -0.249746153774021     
  0.594540833333333        2.96470416666667      -0.259917859479700     
  0.594540833333333        3.26097458333333      -0.266617936196433     
  0.594540833333333        3.55724500000000      -0.268963549416045     
  0.594540833333333        3.85351541666667      -0.266613244834652     
  0.594540833333333        4.14978583333333      -0.259908635170658     
  0.594540833333333        4.44605625000000      -0.249732396330561     
  0.594540833333333        4.74232666666667      -0.237156282511780     
  0.594540833333333        5.03859708333333      -0.223005024213040     
  0.594540833333333        5.33486750000000      -0.208386485979293     
  0.594540833333333        5.63113791666667      -0.194555944236056     
  0.594540833333333        5.92740833333333      -0.182370000628081     
  0.594540833333333        6.22367875000000      -0.172306517734279     
  0.594540833333333        6.51994916666667      -0.164016292424651     
  0.594540833333333        6.81621958333333      -0.156038850119866     
  0.594540833333333        7.11249000000000      -0.145683171751027     
  0.890811250000000       2.000000000000000E-003 -0.151379614467764     
  0.890811250000000       0.298270416666667      -0.162464556693695     
  0.890811250000000       0.594540833333333      -0.172370956829168     
  0.890811250000000       0.890811250000000      -0.183602379997452     
  0.890811250000000        1.18708166666667      -0.197449029156293     
  0.890811250000000        1.48335208333333      -0.214034718443164     
  0.890811250000000        1.77962250000000      -0.232857588037343     
  0.890811250000000        2.07589291666667      -0.252856220453106     
  0.890811250000000        2.37216333333333      -0.272227636469236     
  0.890811250000000        2.66843375000000      -0.289763134971581     
  0.890811250000000        2.96470416666667      -0.304055284603377     
  0.890811250000000        3.26097458333333      -0.313485671553868     
  0.890811250000000        3.55724500000000      -0.316787296673580     
  0.890811250000000        3.85351541666667      -0.313480546187743     
  0.890811250000000        4.14978583333333      -0.304045259710365     
  0.890811250000000        4.44605625000000      -0.289748512056359     
  0.890811250000000        4.74232666666667      -0.272208416156355     
  0.890811250000000        5.03859708333333      -0.252831532636396     
  0.890811250000000        5.33486750000000      -0.232825474199258     
  0.890811250000000        5.63113791666667      -0.213993583412744     
  0.890811250000000        5.92740833333333      -0.197398907867373     
  0.890811250000000        6.22367875000000      -0.183544682722334     
  0.890811250000000        6.51994916666667      -0.172306560194834     
  0.890811250000000        6.81621958333333      -0.162394669086977     
  0.890811250000000        7.11249000000000      -0.151324229403572     
   1.18708166666667       2.000000000000000E-003 -0.156962863841546     
   1.18708166666667       0.298270416666667      -0.169547130025517     
   1.18708166666667       0.594540833333333      -0.182427012140547     
   1.18708166666667       0.890811250000000      -0.197449072941527     
   1.18708166666667        1.18708166666667      -0.215869118517276     
   1.18708166666667        1.48335208333333      -0.237982863283094     
   1.18708166666667        1.77962250000000      -0.263338446011364     
   1.18708166666667        2.07589291666667      -0.290487801858195     
   1.18708166666667        2.37216333333333      -0.317342276000640     
   1.18708166666667        2.66843375000000      -0.342213739747884     
   1.18708166666667        2.96470416666667      -0.362691408653467     
   1.18708166666667        3.26097458333333      -0.376249005630707     
   1.18708166666667        3.55724500000000      -0.380998144306928     
   1.18708166666667        3.85351541666667      -0.376243704179045     
   1.18708166666667        4.14978583333333      -0.362681165511848     
   1.18708166666667        4.44605625000000      -0.342199100871937     
   1.18708166666667        4.74232666666667      -0.317323591058319     
   1.18708166666667        5.03859708333333      -0.290464945724882     
   1.18708166666667        5.33486750000000      -0.263310290378560     
   1.18708166666667        5.63113791666667      -0.237947899773792     
   1.18708166666667        5.92740833333333      -0.215826574298023     
   1.18708166666667        6.22367875000000      -0.197398970568030     
   1.18708166666667        6.51994916666667      -0.182370105142585     
   1.18708166666667        6.81621958333333      -0.169488433709325     
   1.18708166666667        7.11249000000000      -0.156917491571150     
   1.48335208333333       2.000000000000000E-003 -0.163610963952096     
   1.48335208333333       0.298270416666667      -0.178308900183760     
   1.48335208333333       0.594540833333333      -0.194601802798122     
   1.48335208333333       0.890811250000000      -0.214034868252457     
   1.48335208333333        1.18708166666667      -0.237982973949598     
   1.48335208333333        1.48335208333333      -0.267064287917425     
   1.48335208333333        1.77962250000000      -0.300824336852994     
   1.48335208333333        2.07589291666667      -0.337445768959193     
   1.48335208333333        2.37216333333333      -0.375104191653729     
   1.48335208333333        2.66843375000000      -0.410846870587734     
   1.48335208333333        2.96470416666667      -0.440673655453466     
   1.48335208333333        3.26097458333333      -0.460571684111274     
   1.48335208333333        3.55724500000000      -0.467545625263516     
   1.48335208333333        3.85351541666667      -0.460566315163123     
   1.48335208333333        4.14978583333333      -0.440663425983265     
   1.48335208333333        4.44605625000000      -0.410832658481312     
   1.48335208333333        4.74232666666667      -0.375086611637466     
   1.48335208333333        5.03859708333333      -0.337424993889489     
   1.48335208333333        5.33486750000000      -0.300799952033398     
   1.48335208333333        5.63113791666667      -0.267035273364720     
   1.48335208333333        5.92740833333333      -0.237948061213876     
   1.48335208333333        6.22367875000000      -0.213993786239672     
   1.48335208333333        6.51994916666667      -0.194556128428904     
   1.48335208333333        6.81621958333333      -0.178263812001374     
   1.48335208333333        7.11249000000000      -0.163576210004100     
   1.77962250000000       2.000000000000000E-003 -0.171240902031411     
   1.77962250000000       0.298270416666667      -0.188428239483641     
   1.77962250000000       0.594540833333333      -0.208421339806001     
   1.77962250000000       0.890811250000000      -0.232857902279681     
   1.77962250000000        1.18708166666667      -0.263338729660469     
   1.77962250000000        1.48335208333333      -0.300824514306628     
   1.77962250000000        1.77962250000000      -0.344889430109622     
   1.77962250000000        2.07589291666667      -0.394693546062443     
   1.77962250000000        2.37216333333333      -0.447900656968472     
   1.77962250000000        2.66843375000000      -0.499800026968814     
   1.77962250000000        2.96470416666667      -0.544054041440313     
   1.77962250000000        3.26097458333333      -0.574015160019348     
   1.77962250000000        3.55724500000000      -0.584584028420415     
   1.77962250000000        3.85351541666667      -0.574009591936882     
   1.77962250000000        4.14978583333333      -0.544043714040535     
   1.77962250000000        4.44605625000000      -0.499786113227082     
   1.77962250000000        4.74232666666667      -0.447884133153544     
   1.77962250000000        5.03859708333333      -0.394674785996911     
   1.77962250000000        5.33486750000000      -0.344868142801638     
   1.77962250000000        5.63113791666667      -0.300800195401804     
   1.77962250000000        5.92740833333333      -0.263310666511729     
   1.77962250000000        6.22367875000000      -0.232825845317457     
   1.77962250000000        6.51994916666667      -0.208386801871981     
   1.77962250000000        6.81621958333333      -0.188395206086631     
   1.77962250000000        7.11249000000000      -0.171215304853975     
   2.07589291666667       2.000000000000000E-003 -0.179320006550966     
   2.07589291666667       0.298270416666667      -0.199185028209403     
   2.07589291666667       0.594540833333333      -0.223030785973859     
   2.07589291666667       0.890811250000000      -0.252856726033220     
   2.07589291666667        1.18708166666667      -0.290488291073133     
   2.07589291666667        1.48335208333333      -0.337446172107081     
   2.07589291666667        1.77962250000000      -0.394693792114969     
   2.07589291666667        2.07589291666667      -0.462101772677812     
   2.07589291666667        2.37216333333333      -0.536742429860535     
   2.07589291666667        2.66843375000000      -0.612481982305926     
   2.07589291666667        2.96470416666667      -0.679309043056596     
   2.07589291666667        3.26097458333333      -0.725570257430396     
   2.07589291666667        3.55724500000000      -0.742040818719323     
   2.07589291666667        3.85351541666667      -0.725564876023207     
   2.07589291666667        4.14978583333333      -0.679298966680135     
   2.07589291666667        4.44605625000000      -0.612468428231878     
   2.07589291666667        4.74232666666667      -0.536726750563702     
   2.07589291666667        5.03859708333333      -0.462084751496066     
   2.07589291666667        5.33486750000000      -0.394675259643830     
   2.07589291666667        5.63113791666667      -0.337425663814851     
   2.07589291666667        5.92740833333333      -0.290465661957988     
   2.07589291666667        6.22367875000000      -0.252832196984520     
   2.07589291666667        6.51994916666667      -0.223005545865888     
   2.07589291666667        6.81621958333333      -0.199161662341923     
   2.07589291666667        7.11249000000000      -0.179301741336386     
   2.37216333333333       2.000000000000000E-003 -0.187143452925453     
   2.37216333333333       0.298270416666667      -0.209585934678311     
   2.37216333333333       0.594540833333333      -0.237175609984900     
   2.37216333333333       0.890811250000000      -0.272228323570932     
   2.37216333333333        1.18708166666667      -0.317342977208514     
   2.37216333333333        1.48335208333333      -0.375104850721724     
   2.37216333333333        1.77962250000000      -0.447901221858676     
   2.37216333333333        2.07589291666667      -0.536742774998920     
   2.37216333333333        2.37216333333333      -0.639787772500761     
   2.37216333333333        2.66843375000000      -0.750033898152524     
   2.37216333333333        2.96470416666667      -0.852356542972248     
   2.37216333333333        3.26097458333333      -0.925295092379387     
   2.37216333333333        3.55724500000000      -0.951438679676418     
   2.37216333333333        3.85351541666667      -0.925291524690506     
   2.37216333333333        4.14978583333333      -0.852348610953930     
   2.37216333333333        4.44605625000000      -0.750022178298598     
   2.37216333333333        4.74232666666667      -0.639773692830957     
   2.37216333333333        5.03859708333333      -0.536727606514434     
   2.37216333333333        5.33486750000000      -0.447885314989689     
   2.37216333333333        5.63113791666667      -0.375087797017703     
   2.37216333333333        5.92740833333333      -0.317324755296403     
   2.37216333333333        6.22367875000000      -0.272209374023909     
   2.37216333333333        6.51994916666667      -0.237157109524051     
   2.37216333333333        6.81621958333333      -0.209569500217463     
   2.37216333333333        7.11249000000000      -0.187130761101230     
   2.66843375000000       2.000000000000000E-003 -0.194099459150101     
   2.66843375000000       0.298270416666667      -0.218803520935125     
   2.66843375000000       0.594540833333333      -0.249746891844201     
   2.66843375000000       0.890811250000000      -0.289763973403974     
   2.66843375000000        1.18708166666667      -0.342214632902488     
   2.66843375000000        1.48335208333333      -0.410847792820729     
   2.66843375000000        1.77962250000000      -0.499800932114357     
   2.66843375000000        2.07589291666667      -0.612482698179960     
   2.66843375000000        2.37216333333333      -0.750034269189323     
   2.66843375000000        2.66843375000000      -0.907012748437561     
   2.66843375000000        2.96470416666667       -1.06305631412493     
   2.66843375000000        3.26097458333333       -1.17899623158344     
   2.66843375000000        3.55724500000000       -1.22051993488835     
   2.66843375000000        3.85351541666667       -1.17899843998919     
   2.66843375000000        4.14978583333333       -1.06305526888312     
   2.66843375000000        4.44605625000000      -0.907005944892746     
   2.66843375000000        4.74232666666667      -0.750023648457965     
   2.66843375000000        5.03859708333333      -0.612470505056879     
   2.66843375000000        5.33486750000000      -0.499788237666960     
   2.66843375000000        5.63113791666667      -0.410834542937365     
   2.66843375000000        5.92740833333333      -0.342200706455578     
   2.66843375000000        6.22367875000000      -0.289749837980855     
   2.66843375000000        6.51994916666667      -0.249733430065510     
   2.66843375000000        6.81621958333333      -0.218791855691103     
   2.66843375000000        7.11249000000000      -0.194090639514795     
   2.96470416666667       2.000000000000000E-003 -0.199712186487536     
   2.96470416666667       0.298270416666667      -0.226237891892074     
   2.96470416666667       0.594540833333333      -0.259918669099647     
   2.96470416666667       0.890811250000000      -0.304056221769671     
   2.96470416666667        1.18708166666667      -0.362692444019755     
   2.96470416666667        1.48335208333333      -0.440674804165319     
   2.96470416666667        1.77962250000000      -0.544055220014587     
   2.96470416666667        2.07589291666667      -0.679310048723487     
   2.96470416666667        2.37216333333333      -0.852357173562761     
   2.96470416666667        2.66843375000000       -1.06305648854127     
   2.96470416666667        2.96470416666667       -1.28936322955445     
   2.96470416666667        3.26097458333333       -1.46659666449748     
   2.96470416666667        3.55724500000000       -1.52653254785416     
   2.96470416666667        3.85351541666667       -1.46661044757392     
   2.96470416666667        4.14978583333333       -1.28937401462599     
   2.96470416666667        4.44605625000000       -1.06305791780542     
   2.96470416666667        4.74232666666667      -0.852352085073644     
   2.96470416666667        5.03859708333333      -0.679302563635024     
   2.96470416666667        5.33486750000000      -0.544046840771726     
   2.96470416666667        5.63113791666667      -0.440665946881298     
   2.96470416666667        5.92740833333333      -0.362683169167274     
   2.96470416666667        6.22367875000000      -0.304046817037676     
   2.96470416666667        6.51994916666667      -0.259909804083932     
   2.96470416666667        6.81621958333333      -0.226230323297224     
   2.96470416666667        7.11249000000000      -0.199706481597651     
   3.26097458333333       2.000000000000000E-003 -0.203407749554100     
   3.26097458333333       0.298270416666667      -0.231132452233216     
   3.26097458333333       0.594540833333333      -0.266618754470888     
   3.26097458333333       0.890811250000000      -0.313486637953724     
   3.26097458333333        1.18708166666667      -0.376250103433853     
   3.26097458333333        1.48335208333333      -0.460572942377220     
   3.26097458333333        1.77962250000000      -0.574016473769320     
   3.26097458333333        2.07589291666667      -0.725571397632493     
   3.26097458333333        2.37216333333333      -0.925295797895686     
   3.26097458333333        2.66843375000000       -1.17899628602100     
   3.26097458333333        2.96470416666667       -1.46659623141642     
   3.26097458333333        3.26097458333333       -1.69583386729287     
   3.26097458333333        3.55724500000000       -1.75596822492107     
   3.26097458333333        3.85351541666667       -1.69585515875914     
   3.26097458333333        4.14978583333333       -1.46661480677479     
   3.26097458333333        4.44605625000000       -1.17900440541629     
   3.26097458333333        4.74232666666667      -0.925297257609368     
   3.26097458333333        5.03859708333333      -0.725569795130338     
   3.26097458333333        5.33486750000000      -0.574013581221191     
   3.26097458333333        5.63113791666667      -0.460569401755478     
   3.26097458333333        5.92740833333333      -0.376246032273132     
   3.26097458333333        6.22367875000000      -0.313482268092946     
   3.26097458333333        6.51994916666667      -0.266614538541571     
   3.26097458333333        6.81621958333333      -0.231128781575626     
   3.26097458333333        7.11249000000000      -0.203405006859293     
   3.55724500000000       2.000000000000000E-003 -0.204701072155954     
   3.55724500000000       0.298270416666667      -0.232845747177455     
   3.55724500000000       0.594540833333333      -0.268964312798114     
   3.55724500000000       0.890811250000000      -0.316788216864755     
   3.55724500000000        1.18708166666667      -0.380999206745940     
   3.55724500000000        1.48335208333333      -0.467546851916461     
   3.55724500000000        1.77962250000000      -0.584585301335068     
   3.55724500000000        2.07589291666667      -0.742041922594295     
   3.55724500000000        2.37216333333333      -0.951439347634980     
   3.55724500000000        2.66843375000000       -1.22051990171228     
   3.55724500000000        2.96470416666667       -1.52653183440404     
   3.55724500000000        3.26097458333333       -1.75596772553178     
   3.55724500000000        3.55724500000000       -1.79608042008363     
   3.55724500000000        3.85351541666667       -1.75597103493246     
   3.55724500000000        4.14978583333333       -1.52654035966234     
   3.55724500000000        4.44605625000000       -1.22052833965597     
   3.55724500000000        4.74232666666667      -0.951446090022761     
   3.55724500000000        5.03859708333333      -0.742046852532016     
   3.55724500000000        5.33486750000000      -0.584588592495010     
   3.55724500000000        5.63113791666667      -0.467549133256057     
   3.55724500000000        5.92740833333333      -0.381000684624552     
   3.55724500000000        6.22367875000000      -0.316789103070612     
   3.55724500000000        6.51994916666667      -0.268964892202813     
   3.55724500000000        6.81621958333333      -0.232846059665271     
   3.55724500000000        7.11249000000000      -0.204701276284073     
   3.85351541666667       2.000000000000000E-003 -0.203404696540622     
   3.85351541666667       0.298270416666667      -0.231128387413818     
   3.85351541666667       0.594540833333333      -0.266613900823511     
   3.85351541666667       0.890811250000000      -0.313481353882520     
   3.85351541666667        1.18708166666667      -0.376244642005619     
   3.85351541666667        1.48335208333333      -0.460567379011194     
   3.85351541666667        1.77962250000000      -0.574010684142743     
   3.85351541666667        2.07589291666667      -0.725565815976443     
   3.85351541666667        2.37216333333333      -0.925292123074624     
   3.85351541666667        2.66843375000000       -1.17899855697407     
   3.85351541666667        2.96470416666667       -1.46661014709008     
   3.85351541666667        3.26097458333333       -1.69585469166264     
   3.85351541666667        3.55724500000000       -1.75597054023267     
   3.85351541666667        3.85351541666667       -1.69584125712338     
   3.85351541666667        4.14978583333333       -1.46660824591061     
   3.85351541666667        4.44605625000000       -1.17900703563794     
   3.85351541666667        4.74232666666667      -0.925303585688920     
   3.85351541666667        5.03859708333333      -0.725576630255411     
   3.85351541666667        5.33486750000000      -0.574019901133062     
   3.85351541666667        5.63113791666667      -0.460575182181831     
   3.85351541666667        5.92740833333333      -0.376251555007444     
   3.85351541666667        6.22367875000000      -0.313487477615009     
   3.85351541666667        6.51994916666667      -0.266619165815585     
   3.85351541666667        6.81621958333333      -0.231132598988372     
   3.85351541666667        7.11249000000000      -0.203407818931994     
   4.14978583333333       2.000000000000000E-003 -0.199706076642938     
   4.14978583333333       0.298270416666667      -0.226229808307548     
   4.14978583333333       0.594540833333333      -0.259909150226386     
   4.14978583333333       0.890811250000000      -0.304045911514610     
   4.14978583333333        1.18708166666667      -0.362681923917334     
   4.14978583333333        1.48335208333333      -0.440664258654075     
   4.14978583333333        1.77962250000000      -0.544044544206780     
   4.14978583333333        2.07589291666667      -0.679299676507067     
   4.14978583333333        2.37216333333333      -0.852349104931027     
   4.14978583333333        2.66843375000000       -1.06305552189526     
   4.14978583333333        2.96470416666667       -1.28937406195958     
   4.14978583333333        3.26097458333333       -1.46661453578394     
   4.14978583333333        3.55724500000000       -1.52653966939417     
   4.14978583333333        3.85351541666667       -1.46660782982595     
   4.14978583333333        4.14978583333333       -1.28937588397765     
   4.14978583333333        4.44605625000000       -1.06306746376196     
   4.14978583333333        4.74232666666667      -0.852364825811471     
   4.14978583333333        5.03859708333333      -0.679315366863804     
   4.14978583333333        5.33486750000000      -0.544058615165665     
   4.14978583333333        5.63113791666667      -0.440676917238733     
   4.14978583333333        5.92740833333333      -0.362693784176436     
   4.14978583333333        6.22367875000000      -0.304056960689156     
   4.14978583333333        6.51994916666667      -0.259918958594028     
   4.14978583333333        6.81621958333333      -0.226237943067822     
   4.14978583333333        7.11249000000000      -0.199712124166029     
   4.44605625000000       2.000000000000000E-003 -0.194090153602277     
   4.44605625000000       0.298270416666667      -0.218791333310864     
   4.44605625000000       0.594540833333333      -0.249732759473621     
   4.44605625000000       0.890811250000000      -0.289748993009792     
   4.44605625000000        1.18708166666667      -0.342199666440826     
   4.44605625000000        1.48335208333333      -0.410833261607997     
   4.44605625000000        1.77962250000000      -0.499786688326093     
   4.44605625000000        2.07589291666667      -0.612468919672344     
   4.44605625000000        2.37216333333333      -0.750022567225821     
   4.44605625000000        2.66843375000000      -0.907006266680536     
   4.44605625000000        2.96470416666667       -1.06305820971511     
   4.44605625000000        3.26097458333333       -1.17900459746517     
   4.44605625000000        3.55724500000000       -1.22052838955648     
   4.44605625000000        3.85351541666667       -1.17900715675668     
   4.44605625000000        4.14978583333333       -1.06306767199330     
   4.44605625000000        4.44605625000000      -0.907022104646420     
   4.44605625000000        4.74232666666667      -0.750041329464402     
   4.44605625000000        5.03859708333333      -0.612487538421359     
   4.44605625000000        5.33486750000000      -0.499804105807185     
   4.44605625000000        5.63113791666667      -0.410849799909320     
   4.44605625000000        5.92740833333333      -0.342215797571615     
   4.44605625000000        6.22367875000000      -0.289764546614207     
   4.44605625000000        6.51994916666667      -0.249747051000334     
   4.44605625000000        6.81621958333333      -0.218803451042143     
   4.44605625000000        7.11249000000000      -0.194099348842073     
   4.74232666666667       2.000000000000000E-003 -0.187130293382585     
   4.74232666666667       0.298270416666667      -0.209568955555145     
   4.74232666666667       0.594540833333333      -0.237156500386059     
   4.74232666666667       0.890811250000000      -0.272208734588667     
   4.74232666666667        1.18708166666667      -0.317323980410944     
   4.74232666666667        1.48335208333333      -0.375087031188056     
   4.74232666666667        1.77962250000000      -0.447884524665095     
   4.74232666666667        2.07589291666667      -0.536727097197276     
   4.74232666666667        2.37216333333333      -0.639774031970806     
   4.74232666666667        2.66843375000000      -0.750024054891839     
   4.74232666666667        2.96470416666667      -0.852352627597212     
   4.74232666666667        3.26097458333333      -0.925297935121576     
   4.74232666666667        3.55724500000000      -0.951446847238672     
   4.74232666666667        3.85351541666667      -0.925304365105717     
   4.74232666666667        4.14978583333333      -0.852365500114416     
   4.74232666666667        4.44605625000000      -0.750041717029970     
   4.74232666666667        4.74232666666667      -0.639793728736099     
   4.74232666666667        5.03859708333333      -0.536746970644823     
   4.74232666666667        5.33486750000000      -0.447903990083223     
   4.74232666666667        5.63113791666667      -0.375106621040789     
   4.74232666666667        5.92740833333333      -0.317343970899562     
   4.74232666666667        6.22367875000000      -0.272228746061415     
   4.74232666666667        6.51994916666667      -0.237175675771039     
   4.74232666666667        6.81621958333333      -0.209585827175667     
   4.74232666666667        7.11249000000000      -0.187143219968586     
   5.03859708333333       2.000000000000000E-003 -0.179301349859640     
   5.03859708333333       0.298270416666667      -0.199161224179178     
   5.03859708333333       0.594540833333333      -0.223005106995207     
   5.03859708333333       0.890811250000000      -0.252831707784746     
   5.03859708333333        1.18708166666667      -0.290465189844637     
   5.03859708333333        1.48335208333333      -0.337425276983875     
   5.03859708333333        1.77962250000000      -0.394675080826244     
   5.03859708333333        2.07589291666667      -0.462085044184783     
   5.03859708333333        2.37216333333333      -0.536727960911947     
   5.03859708333333        2.66843375000000      -0.612471016916463     
   5.03859708333333        2.96470416666667      -0.679303311839138     
   5.03859708333333        3.26097458333333      -0.725570790261180     
   5.03859708333333        3.55724500000000      -0.742048017325162     
   5.03859708333333        3.85351541666667      -0.725577823154580     
   5.03859708333333        4.14978583333333      -0.679316410634862     
   5.03859708333333        4.44605625000000      -0.612488280136062     
   5.03859708333333        4.74232666666667      -0.536747331301389     
   5.03859708333333        5.03859708333333      -0.462105361021572     
   5.03859708333333        5.33486750000000      -0.394696179541548     
   5.03859708333333        5.63113791666667      -0.337447666720162     
   5.03859708333333        5.92740833333333      -0.290489109715856     
   5.03859708333333        6.22367875000000      -0.252857022230720     
   5.03859708333333        6.51994916666667      -0.223030762652241     
   5.03859708333333        6.81621958333333      -0.199184835847236     
   5.03859708333333        7.11249000000000      -0.179319729086610     
   5.33486750000000       2.000000000000000E-003 -0.171214967985766     
   5.33486750000000       0.298270416666667      -0.188394859857156     
   5.33486750000000       0.594540833333333      -0.208386478021774     
   5.33486750000000       0.890811250000000      -0.232825539911688     
   5.33486750000000        1.18708166666667      -0.263310426667602     
   5.33486750000000        1.48335208333333      -0.300800140707545     
   5.33486750000000        1.77962250000000      -0.344868373856161     
   5.33486750000000        2.07589291666667      -0.394675549754018     
   5.33486750000000        2.37216333333333      -0.447885714573743     
   5.33486750000000        2.66843375000000      -0.499788838230185     
   5.33486750000000        2.96470416666667      -0.544047710906357     
   5.33486750000000        3.26097458333333      -0.574014723216807     
   5.33486750000000        3.55724500000000      -0.584589919281510     
   5.33486750000000        3.85351541666667      -0.574021267519058     
   5.33486750000000        4.14978583333333      -0.544059843690156     
   5.33486750000000        4.44605625000000      -0.499805055776882     
   5.33486750000000        4.74232666666667      -0.447904585910721     
   5.33486750000000        5.03859708333333      -0.394696435472423     
   5.33486750000000        5.33486750000000      -0.344891376676168     
   5.33486750000000        5.63113791666667      -0.300825722174302     
   5.33486750000000        5.92740833333333      -0.263339358311130     
   5.33486750000000        6.22367875000000      -0.232858100492604     
   5.33486750000000        6.51994916666667      -0.208421173584764     
   5.33486750000000        6.81621958333333      -0.188427958460353     
   5.33486750000000        7.11249000000000      -0.171240647200242     
   5.63113791666667       2.000000000000000E-003 -0.163575931609170     
   5.63113791666667       0.298270416666667      -0.178263520570721     
   5.63113791666667       0.594540833333333      -0.194555886693526     
   5.63113791666667       0.890811250000000      -0.213993586320638     
   5.63113791666667        1.18708166666667      -0.237947973711749     
   5.63113791666667        1.48335208333333      -0.267035410366975     
   5.63113791666667        1.77962250000000      -0.300800383756621     
   5.63113791666667        2.07589291666667      -0.337425931800702     
   5.63113791666667        2.37216333333333      -0.375088201303797     
   5.63113791666667        2.66843375000000      -0.410835152166251     
   5.63113791666667        2.96470416666667      -0.440666819058636     
   5.63113791666667        3.26097458333333      -0.460570525663728     
   5.63113791666667        3.55724500000000      -0.467550429720815     
   5.63113791666667        3.85351541666667      -0.460576509448982     
   5.63113791666667        4.14978583333333      -0.440678125667132     
   5.63113791666667        4.44605625000000      -0.410850758564264     
   5.63113791666667        4.74232666666667      -0.375107298646025     
   5.63113791666667        5.03859708333333      -0.337448081160326     
   5.63113791666667        5.33486750000000      -0.300825910158034     
   5.63113791666667        5.63113791666667      -0.267065317506666     
   5.63113791666667        5.92740833333333      -0.237983454072655     
   5.63113791666667        6.22367875000000      -0.214034948325461     
   5.63113791666667        6.51994916666667      -0.194601585518721     
   5.63113791666667        6.81621958333333      -0.178308568499861     
   5.63113791666667        7.11249000000000      -0.163610662213353     
   5.92740833333333       2.000000000000000E-003 -0.156917264130033     
   5.92740833333333       0.298270416666667      -0.169488196644669     
   5.92740833333333       0.594540833333333      -0.182369921564442     
   5.92740833333333       0.890811250000000      -0.197398874737503     
   5.92740833333333        1.18708166666667      -0.215826611045489     
   5.92740833333333        1.48335208333333      -0.237948170148702     
   5.92740833333333        1.77962250000000      -0.263310834213609     
   5.92740833333333        2.07589291666667      -0.290465896584059     
   5.92740833333333        2.37216333333333      -0.317325116722879     
   5.92740833333333        2.66843375000000      -0.342201250628457     
   5.92740833333333        2.96470416666667      -0.362683926312018     
   5.92740833333333        3.26097458333333      -0.376246989085092     
   5.92740833333333        3.55724500000000      -0.381001777088138     
   5.92740833333333        3.85351541666667      -0.376252682335315     
   5.92740833333333        4.14978583333333      -0.362694840925725     
   5.92740833333333        4.44605625000000      -0.342216703327485     
   5.92740833333333        4.74232666666667      -0.317344682048788     
   5.92740833333333        5.03859708333333      -0.290489617312751     
   5.92740833333333        5.33486750000000      -0.263339680706417     
   5.92740833333333        5.63113791666667      -0.237983608682162     
   5.92740833333333        5.92740833333333      -0.215869392316688     
   5.92740833333333        6.22367875000000      -0.197448999710634     
   5.92740833333333        6.51994916666667      -0.182426727205046     
   5.92740833333333        6.81621958333333      -0.169546791613438     
   5.92740833333333        7.11249000000000      -0.156962650710694     
   6.22367875000000       2.000000000000000E-003 -0.151324120199409     
   6.22367875000000       0.298270416666667      -0.162394501400866     
   6.22367875000000       0.594540833333333      -0.172306443412727     
   6.22367875000000       0.890811250000000      -0.183544632733858     
   6.22367875000000        1.18708166666667      -0.197398978056243     
   6.22367875000000        1.48335208333333      -0.213993864291449     
   6.22367875000000        1.77962250000000      -0.232825987354962     
   6.22367875000000        2.07589291666667      -0.252832392253148     
   6.22367875000000        2.37216333333333      -0.272209670674128     
   6.22367875000000        2.66843375000000      -0.289750292620372     
   6.22367875000000        2.96470416666667      -0.304047456061943     
   6.22367875000000        3.26097458333333      -0.313483079030257     
   6.22367875000000        3.55724500000000      -0.316790036272826     
   6.22367875000000        3.85351541666667      -0.313488458658840     
   6.22367875000000        4.14978583333333      -0.304057908951876     
   6.22367875000000        4.44605625000000      -0.289765393276835     
   6.22367875000000        4.74232666666667      -0.272229446637962     
   6.22367875000000        5.03859708333333      -0.252857564672742     
   6.22367875000000        5.33486750000000      -0.232858501377786     
   6.22367875000000        5.63113791666667      -0.214035207748954     
   6.22367875000000        5.92740833333333      -0.197449118331017     
   6.22367875000000        6.22367875000000      -0.183602200054772     
   6.22367875000000        6.51994916666667      -0.172370607520384     
   6.22367875000000        6.81621958333333      -0.162464248336719     
   6.22367875000000        7.11249000000000      -0.151379550807267     
   6.51994916666667       2.000000000000000E-003 -0.145683217853626     
   6.51994916666667       0.298270416666667      -0.156038836587068     
   6.51994916666667       0.594540833333333      -0.164016264571483     
   6.51994916666667       0.890811250000000      -0.172306526700083     
   6.51994916666667        1.18708166666667      -0.182370089457263     
   6.51994916666667        1.48335208333333      -0.194556160449295     
   6.51994916666667        1.77962250000000      -0.208386893379241     
   6.51994916666667        2.07589291666667      -0.223005687642482     
   6.51994916666667        2.37216333333333      -0.237157323497371     
   6.51994916666667        2.66843375000000      -0.249733776655248     
   6.51994916666667        2.96470416666667      -0.259910312977313     
   6.51994916666667        3.26097458333333      -0.266615203265499     
   6.51994916666667        3.55724500000000      -0.268965674308498     
   6.51994916666667        3.85351541666667      -0.266620005850904     
   6.51994916666667        4.14978583333333      -0.259919788293057     
   6.51994916666667        4.44605625000000      -0.249747808064266     
   6.51994916666667        4.74232666666667      -0.237176318384649     
   6.51994916666667        5.03859708333333      -0.223031283110618     
   6.51994916666667        5.33486750000000      -0.208421584202275     
   6.51994916666667        5.63113791666667      -0.194601877529738     
   6.51994916666667        5.92740833333333      -0.182426902913247     
   6.51994916666667        6.22367875000000      -0.172370689389609     
   6.51994916666667        6.51994916666667      -0.164081102277587     
   6.51994916666667        6.81621958333333      -0.156106447992386     
   6.51994916666667        7.11249000000000      -0.145738832860555     
   6.81621958333333       2.000000000000000E-003 -0.136560314043390     
   6.81621958333333       0.298270416666667      -0.147146433114449     
   6.81621958333333       0.594540833333333      -0.156038965418290     
   6.81621958333333       0.890811250000000      -0.162394705553016     
   6.81621958333333        1.18708166666667      -0.169488406101767     
   6.81621958333333        1.48335208333333      -0.178263786516335     
   6.81621958333333        1.77962250000000      -0.188395223574020     
   6.81621958333333        2.07589291666667      -0.199161726015943     
   6.81621958333333        2.37216333333333      -0.209569616502653     
   6.81621958333333        2.66843375000000      -0.218792080033670     
   6.81621958333333        2.96470416666667      -0.226230687814150     
   6.81621958333333        3.26097458333333      -0.231129285081418     
   6.81621958333333        3.55724500000000      -0.232846673754788     
   6.81621958333333        3.85351541666667      -0.231133278184282     
   6.81621958333333        4.14978583333333      -0.226238629100759     
   6.81621958333333        4.44605625000000      -0.218804086604271     
   6.81621958333333        4.74232666666667      -0.209586372816144     
   6.81621958333333        5.03859708333333      -0.199185283518534     
   6.81621958333333        5.33486750000000      -0.188428314076965     
   6.81621958333333        5.63113791666667      -0.178308820495784     
   6.81621958333333        5.92740833333333      -0.169546949137151     
   6.81621958333333        6.22367875000000      -0.162464350776632     
   6.81621958333333        6.51994916666667      -0.156106527271189     
   6.81621958333333        6.81621958333333      -0.147193038196081     
   6.81621958333333        7.11249000000000      -0.136587825715852     
   7.11249000000000       2.000000000000000E-003 -0.125525787814527     
   7.11249000000000       0.298270416666667      -0.136560251594220     
   7.11249000000000       0.594540833333333      -0.145683401037154     
   7.11249000000000       0.890811250000000      -0.151324314889954     
   7.11249000000000        1.18708166666667      -0.156917448319553     
   7.11249000000000        1.48335208333333      -0.163576126138032     
   7.11249000000000        1.77962250000000      -0.171215242577145     
   7.11249000000000        2.07589291666667      -0.179301718304431     
   7.11249000000000        2.37216333333333      -0.187130777378106     
   7.11249000000000        2.66843375000000      -0.194090741635665     
   7.11249000000000        2.96470416666667      -0.199706701240993     
   7.11249000000000        3.26097458333333      -0.203405346889829     
   7.11249000000000        3.55724500000000      -0.204701717148082     
   7.11249000000000        3.85351541666667      -0.203408327925315     
   7.11249000000000        4.14978583333333      -0.199712653081489     
   7.11249000000000        4.44605625000000      -0.194099846769755     
   7.11249000000000        4.74232666666667      -0.187143649792752     
   7.11249000000000        5.03859708333333      -0.179320077467384     
   7.11249000000000        5.33486750000000      -0.171240911488543     
   7.11249000000000        5.63113791666667      -0.163610832488972     
   7.11249000000000        5.92740833333333      -0.156962736257557     
   7.11249000000000        6.22367875000000      -0.151379586223035     
   7.11249000000000        6.51994916666667      -0.145738857115810     
   7.11249000000000        6.81621958333333      -0.136587830505183     
   7.11249000000000        7.11249000000000      -0.125527473563621     
