  2.000000000000000E-003  2.000000000000000E-003 -0.344531549740308     
  2.000000000000000E-003  0.298270416666667      -0.354875108091868     
  2.000000000000000E-003  0.594540833333333      -0.355923582051260     
  2.000000000000000E-003  0.890811250000000      -0.359476917646235     
  2.000000000000000E-003   1.18708166666667      -0.362173078391826     
  2.000000000000000E-003   1.48335208333333      -0.361137493895635     
  2.000000000000000E-003   1.77962250000000      -0.354900103552297     
  2.000000000000000E-003   2.07589291666667      -0.343436257178179     
  2.000000000000000E-003   2.37216333333333      -0.328008702996260     
  2.000000000000000E-003   2.66843375000000      -0.310987900946804     
  2.000000000000000E-003   2.96470416666667      -0.291542629851207     
  2.000000000000000E-003   3.26097458333333      -0.270202379609741     
  2.000000000000000E-003   3.55724500000000      -0.248329692055576     
  2.000000000000000E-003   3.85351541666667      -0.227210442440592     
  2.000000000000000E-003   4.14978583333333      -0.207621094997775     
  2.000000000000000E-003   4.44605625000000      -0.189792572539168     
  2.000000000000000E-003   4.74232666666667      -0.173685609259881     
  2.000000000000000E-003   5.03859708333333      -0.159308027628738     
  2.000000000000000E-003   5.33486750000000      -0.146751916002406     
  2.000000000000000E-003   5.63113791666667      -0.136075592113073     
  2.000000000000000E-003   5.92740833333333      -0.127299280980084     
  2.000000000000000E-003   6.22367875000000      -0.120234217263014     
  2.000000000000000E-003   6.51994916666667      -0.114040653140785     
  2.000000000000000E-003   6.81621958333333      -0.106512913530852     
  2.000000000000000E-003   7.11249000000000      -9.756881294174050E-002
  0.298270416666667       2.000000000000000E-003 -0.354875061817370     
  0.298270416666667       0.298270416666667      -0.371046356034479     
  0.298270416666667       0.594540833333333      -0.382135853322571     
  0.298270416666667       0.890811250000000      -0.396685411841177     
  0.298270416666667        1.18708166666667      -0.405803712774063     
  0.298270416666667        1.48335208333333      -0.407117345998555     
  0.298270416666667        1.77962250000000      -0.400572823573471     
  0.298270416666667        2.07589291666667      -0.386539197954835     
  0.298270416666667        2.37216333333333      -0.367689009762824     
  0.298270416666667        2.66843375000000      -0.346928462166192     
  0.298270416666667        2.96470416666667      -0.323002568690026     
  0.298270416666667        3.26097458333333      -0.296787436277951     
  0.298270416666667        3.55724500000000      -0.270209856703438     
  0.298270416666667        3.85351541666667      -0.244974599821156     
  0.298270416666667        4.14978583333333      -0.221998622769150     
  0.298270416666667        4.44605625000000      -0.201452000169901     
  0.298270416666667        4.74232666666667      -0.183157702759639     
  0.298270416666667        5.03859708333333      -0.166992045760597     
  0.298270416666667        5.33486750000000      -0.152966990681499     
  0.298270416666667        5.63113791666667      -0.141099625829595     
  0.298270416666667        5.92740833333333      -0.131407881984041     
  0.298270416666667        6.22367875000000      -0.123719636694970     
  0.298270416666667        6.51994916666667      -0.117198271204576     
  0.298270416666667        6.81621958333333      -0.109612092506625     
  0.298270416666667        7.11249000000000      -0.100401160786936     
  0.594540833333333       2.000000000000000E-003 -0.355923510305738     
  0.594540833333333       0.298270416666667      -0.382136077398827     
  0.594540833333333       0.594540833333333      -0.410243603270411     
  0.594540833333333       0.890811250000000      -0.434548545902035     
  0.594540833333333        1.18708166666667      -0.449339012030788     
  0.594540833333333        1.48335208333333      -0.453074634277759     
  0.594540833333333        1.77962250000000      -0.446362464886486     
  0.594540833333333        2.07589291666667      -0.429961646626453     
  0.594540833333333        2.37216333333333      -0.407870200283534     
  0.594540833333333        2.66843375000000      -0.383225419920700     
  0.594540833333333        2.96470416666667      -0.354421122115283     
  0.594540833333333        3.26097458333333      -0.323007825333736     
  0.594540833333333        3.55724500000000      -0.291556395858008     
  0.594540833333333        3.85351541666667      -0.262147634365368     
  0.594540833333333        4.14978583333333      -0.235760274629475     
  0.594540833333333        4.44605625000000      -0.212448657724479     
  0.594540833333333        4.74232666666667      -0.191884542515361     
  0.594540833333333        5.03859708333333      -0.173811843736830     
  0.594540833333333        5.33486750000000      -0.158166235721031     
  0.594540833333333        5.63113791666667      -0.144899339542710     
  0.594540833333333        5.92740833333333      -0.133919719930385     
  0.594540833333333        6.22367875000000      -0.124929528360355     
  0.594540833333333        6.51994916666667      -0.117163701106797     
  0.594540833333333        6.81621958333333      -0.109323966398750     
  0.594540833333333        7.11249000000000      -0.100547244198339     
  0.890811250000000       2.000000000000000E-003 -0.359476720213272     
  0.890811250000000       0.298270416666667      -0.396685400041689     
  0.890811250000000       0.594540833333333      -0.434548472601274     
  0.890811250000000       0.890811250000000      -0.466153025150380     
  0.890811250000000        1.18708166666667      -0.486287447900988     
  0.890811250000000        1.48335208333333      -0.493273277351156     
  0.890811250000000        1.77962250000000      -0.486751250191451     
  0.890811250000000        2.07589291666667      -0.468098583022188     
  0.890811250000000        2.37216333333333      -0.444834369032792     
  0.890811250000000        2.66843375000000      -0.416693401791081     
  0.890811250000000        2.96470416666667      -0.383234624745970     
  0.890811250000000        3.26097458333333      -0.346943836634560     
  0.890811250000000        3.55724500000000      -0.311012024301603     
  0.890811250000000        3.85351541666667      -0.277799713397838     
  0.890811250000000        4.14978583333333      -0.248277062175696     
  0.890811250000000        4.44605625000000      -0.222357980847272     
  0.890811250000000        4.74232666666667      -0.199586838907929     
  0.890811250000000        5.03859708333333      -0.179627478985717     
  0.890811250000000        5.33486750000000      -0.162357360112609     
  0.890811250000000        5.63113791666667      -0.147685842003910     
  0.890811250000000        5.92740833333333      -0.135393555103590     
  0.890811250000000        6.22367875000000      -0.125078282760327     
  0.890811250000000        6.51994916666667      -0.116102977111467     
  0.890811250000000        6.81621958333333      -0.107648739133889     
  0.890811250000000        7.11249000000000      -9.902928394276860E-002
   1.18708166666667       2.000000000000000E-003 -0.362172571009408     
   1.18708166666667       0.298270416666667      -0.405803225916146     
   1.18708166666667       0.594540833333333      -0.449338514693461     
   1.18708166666667       0.890811250000000      -0.486287078641616     
   1.18708166666667        1.18708166666667      -0.511301006744652     
   1.18708166666667        1.48335208333333      -0.521508450875897     
   1.18708166666667        1.77962250000000      -0.515811450258330     
   1.18708166666667        2.07589291666667      -0.498170979841351     
   1.18708166666667        2.37216333333333      -0.475309555999054     
   1.18708166666667        2.66843375000000      -0.444866699278399     
   1.18708166666667        2.96470416666667      -0.407914072780099     
   1.18708166666667        3.26097458333333      -0.367736901690460     
   1.18708166666667        3.55724500000000      -0.328058681667402     
   1.18708166666667        3.85351541666667      -0.291560014172394     
   1.18708166666667        4.14978583333333      -0.259252454020830     
   1.18708166666667        4.44605625000000      -0.230934784995146     
   1.18708166666667        4.74232666666667      -0.206077032296678     
   1.18708166666667        5.03859708333333      -0.184346353287401     
   1.18708166666667        5.33486750000000      -0.165601002758811     
   1.18708166666667        5.63113791666667      -0.149709535986593     
   1.18708166666667        5.92740833333333      -0.136348063068211     
   1.18708166666667        6.22367875000000      -0.125020247874951     
   1.18708166666667        6.51994916666667      -0.115143302799214     
   1.18708166666667        6.81621958333333      -0.106120709244295     
   1.18708166666667        7.11249000000000      -9.746348036384510E-002
   1.48335208333333       2.000000000000000E-003 -0.361136550798418     
   1.48335208333333       0.298270416666667      -0.407116287453821     
   1.48335208333333       0.594540833333333      -0.453073545980699     
   1.48335208333333       0.890811250000000      -0.493272340574560     
   1.48335208333333        1.18708166666667      -0.521507896132930     
   1.48335208333333        1.48335208333333      -0.533776036603363     
   1.48335208333333        1.77962250000000      -0.530344600485286     
   1.48335208333333        2.07589291666667      -0.518779002451674     
   1.48335208333333        2.37216333333333      -0.498253134474483     
   1.48335208333333        2.66843375000000      -0.468229560443774     
   1.48335208333333        2.96470416666667      -0.430113632006845     
   1.48335208333333        3.26097458333333      -0.386648895697673     
   1.48335208333333        3.55724500000000      -0.343531434639519     
   1.48335208333333        3.85351541666667      -0.303882258559991     
   1.48335208333333        4.14978583333333      -0.268932663355264     
   1.48335208333333        4.44605625000000      -0.238214488454963     
   1.48335208333333        4.74232666666667      -0.211285498927981     
   1.48335208333333        5.03859708333333      -0.187890972757989     
   1.48335208333333        5.33486750000000      -0.167912677203905     
   1.48335208333333        5.63113791666667      -0.151087600166957     
   1.48335208333333        5.92740833333333      -0.136970548120028     
   1.48335208333333        6.22367875000000      -0.124960384513839     
   1.48335208333333        6.51994916666667      -0.114467497737419     
   1.48335208333333        6.81621958333333      -0.105004076467172     
   1.48335208333333        7.11249000000000      -9.622464509178792E-002
   1.77962250000000       2.000000000000000E-003 -0.354898702478863     
   1.77962250000000       0.298270416666667      -0.400571201833996     
   1.77962250000000       0.594540833333333      -0.446360773168243     
   1.77962250000000       0.890811250000000      -0.486749709637151     
   1.77962250000000        1.18708166666667      -0.515810297260426     
   1.77962250000000        1.48335208333333      -0.530343998896093     
   1.77962250000000        1.77962250000000      -0.535115081634213     
   1.77962250000000        2.07589291666667      -0.530476961637266     
   1.77962250000000        2.37216333333333      -0.515994786370154     
   1.77962250000000        2.66843375000000      -0.486978155171266     
   1.77962250000000        2.96470416666667      -0.446518350000776     
   1.77962250000000        3.26097458333333      -0.400696169516388     
   1.77962250000000        3.55724500000000      -0.355008476292737     
   1.77962250000000        3.85351541666667      -0.313367119615681     
   1.77962250000000        4.14978583333333      -0.276480226832626     
   1.77962250000000        4.44605625000000      -0.243937909389553     
   1.77962250000000        4.74232666666667      -0.215150402560037     
   1.77962250000000        5.03859708333333      -0.190162258673900     
   1.77962250000000        5.33486750000000      -0.169185373449373     
   1.77962250000000        5.63113791666667      -0.151778934387448     
   1.77962250000000        5.92740833333333      -0.137225535195824     
   1.77962250000000        6.22367875000000      -0.124806852055911     
   1.77962250000000        6.51994916666667      -0.113914031694819     
   1.77962250000000        6.81621958333333      -0.104142558505295     
   1.77962250000000        7.11249000000000      -9.524678575275736E-002
   2.07589291666667       2.000000000000000E-003 -0.343434464702395     
   2.07589291666667       0.298270416666667      -0.386537123242319     
   2.07589291666667       0.594540833333333      -0.429959467051577     
   2.07589291666667       0.890811250000000      -0.468096547536613     
   2.07589291666667        1.18708166666667      -0.498169297692885     
   2.07589291666667        1.48335208333333      -0.518777822760289     
   2.07589291666667        1.77962250000000      -0.530476362327691     
   2.07589291666667        2.07589291666667      -0.534035601938864     
   2.07589291666667        2.37216333333333      -0.521799758618820     
   2.07589291666667        2.66843375000000      -0.493570704113122     
   2.07589291666667        2.96470416666667      -0.453317775174959     
   2.07589291666667        3.26097458333333      -0.407284159817006     
   2.07589291666667        3.55724500000000      -0.361274732215186     
   2.07589291666667        3.85351541666667      -0.319022396588897     
   2.07589291666667        4.14978583333333      -0.281133322329411     
   2.07589291666667        4.44605625000000      -0.247198990682690     
   2.07589291666667        4.74232666666667      -0.217037638573460     
   2.07589291666667        5.03859708333333      -0.190938657986185     
   2.07589291666667        5.33486750000000      -0.169295133471211     
   2.07589291666667        5.63113791666667      -0.151638024079230     
   2.07589291666667        5.92740833333333      -0.136959565204424     
   2.07589291666667        6.22367875000000      -0.124368609844991     
   2.07589291666667        6.51994916666667      -0.113258247340400     
   2.07589291666667        6.81621958333333      -0.103317331067952     
   2.07589291666667        7.11249000000000      -9.436901554435369E-002
   2.37216333333333       2.000000000000000E-003 -0.328006631517932     
   2.37216333333333       0.298270416666667      -0.367686618514755     
   2.37216333333333       0.594540833333333      -0.407867667029442     
   2.37216333333333       0.890811250000000      -0.444831920954266     
   2.37216333333333        1.18708166666667      -0.475307413201771     
   2.37216333333333        1.48335208333333      -0.498251456159589     
   2.37216333333333        1.77962250000000      -0.515993645210382     
   2.37216333333333        2.07589291666667      -0.521799215429114     
   2.37216333333333        2.37216333333333      -0.511602911196320     
   2.37216333333333        2.66843375000000      -0.486602244329256     
   2.37216333333333        2.96470416666667      -0.449613449384130     
   2.37216333333333        3.26097458333333      -0.406031796666467     
   2.37216333333333        3.55724500000000      -0.362342405402191     
   2.37216333333333        3.85351541666667      -0.321694167653645     
   2.37216333333333        4.14978583333333      -0.283710552977009     
   2.37216333333333        4.44605625000000      -0.248495581809268     
   2.37216333333333        4.74232666666667      -0.217075571330687     
   2.37216333333333        5.03859708333333      -0.190186717345262     
   2.37216333333333        5.33486750000000      -0.168141531179416     
   2.37216333333333        5.63113791666667      -0.150607363620019     
   2.37216333333333        5.92740833333333      -0.136025023425730     
   2.37216333333333        6.22367875000000      -0.123432833599714     
   2.37216333333333        6.51994916666667      -0.112274875377816     
   2.37216333333333        6.81621958333333      -0.102311546619838     
   2.37216333333333        7.11249000000000      -9.342669064001412E-002
   2.66843375000000       2.000000000000000E-003 -0.310985638674918     
   2.66843375000000       0.298270416666667      -0.346925848692434     
   2.66843375000000       0.594540833333333      -0.383222635357203     
   2.66843375000000       0.890811250000000      -0.416690676467694     
   2.66843375000000        1.18708166666667      -0.444864252977797     
   2.66843375000000        1.48335208333333      -0.468227535055222     
   2.66843375000000        1.77962250000000      -0.486976639558877     
   2.66843375000000        2.07589291666667      -0.493569793674760     
   2.66843375000000        2.37216333333333      -0.486601889742734     
   2.66843375000000        2.66843375000000      -0.466464571606441     
   2.66843375000000        2.96470416666667      -0.434876293533641     
   2.66843375000000        3.26097458333333      -0.396959822394331     
   2.66843375000000        3.55724500000000      -0.359711381250181     
   2.66843375000000        3.85351541666667      -0.323827182949347     
   2.66843375000000        4.14978583333333      -0.286111772932648     
   2.66843375000000        4.44605625000000      -0.248947801406394     
   2.66843375000000        4.74232666666667      -0.215989000848901     
   2.66843375000000        5.03859708333333      -0.188410321973642     
   2.66843375000000        5.33486750000000      -0.166125090538850     
   2.66843375000000        5.63113791666667      -0.148680053491291     
   2.66843375000000        5.92740833333333      -0.134363679223554     
   2.66843375000000        6.22367875000000      -0.121885782796860     
   2.66843375000000        6.51994916666667      -0.110805390441971     
   2.66843375000000        6.81621958333333      -0.100966804745029     
   2.66843375000000        7.11249000000000      -9.227061980220558E-002
   2.96470416666667       2.000000000000000E-003 -0.291540337131022     
   2.96470416666667       0.298270416666667      -0.322999917163679     
   2.96470416666667       0.594540833333333      -0.354418291168532     
   2.96470416666667       0.890811250000000      -0.383231840515067     
   2.96470416666667        1.18708166666667      -0.407911543305214     
   2.96470416666667        1.48335208333333      -0.430111469837116     
   2.96470416666667        1.77962250000000      -0.446516694257390     
   2.96470416666667        2.07589291666667      -0.453316723198768     
   2.96470416666667        2.37216333333333      -0.449612975057707     
   2.96470416666667        2.66843375000000      -0.434876228093184     
   2.96470416666667        2.96470416666667      -0.410583224999059     
   2.96470416666667        3.26097458333333      -0.382504649511417     
   2.96470416666667        3.55724500000000      -0.356276665223277     
   2.96470416666667        3.85351541666667      -0.327715972186142     
   2.96470416666667        4.14978583333333      -0.289310304567087     
   2.96470416666667        4.44605625000000      -0.249070057228771     
   2.96470416666667        4.74232666666667      -0.214180448323570     
   2.96470416666667        5.03859708333333      -0.185856635582359     
   2.96470416666667        5.33486750000000      -0.163398877624508     
   2.96470416666667        5.63113791666667      -0.145872620221384     
   2.96470416666667        5.92740833333333      -0.131852062791465     
   2.96470416666667        6.22367875000000      -0.119583586265861     
   2.96470416666667        6.51994916666667      -0.108720956719036     
   2.96470416666667        6.81621958333333      -9.916474787762121E-002
   2.96470416666667        7.11249000000000      -9.079114448302537E-002
   3.26097458333333       2.000000000000000E-003 -0.270200237039292     
   3.26097458333333       0.298270416666667      -0.296784955484236     
   3.26097458333333       0.594540833333333      -0.323005174529446     
   3.26097458333333       0.890811250000000      -0.346941224908812     
   3.26097458333333        1.18708166666667      -0.367734516648018     
   3.26097458333333        1.48335208333333      -0.386646842339072     
   3.26097458333333        1.77962250000000      -0.400694586628851     
   3.26097458333333        2.07589291666667      -0.407283137914128     
   3.26097458333333        2.37216333333333      -0.406031329773436     
   3.26097458333333        2.66843375000000      -0.396959815437378     
   3.26097458333333        2.96470416666667      -0.382504875288063     
   3.26097458333333        3.26097458333333      -0.371639733402902     
   3.26097458333333        3.55724500000000      -0.355300014413896     
   3.26097458333333        3.85351541666667      -0.327769043840131     
   3.26097458333333        4.14978583333333      -0.290164925469623     
   3.26097458333333        4.44605625000000      -0.247800826707208     
   3.26097458333333        4.74232666666667      -0.211057440856931     
   3.26097458333333        5.03859708333333      -0.181939647691208     
   3.26097458333333        5.33486750000000      -0.159424587387744     
   3.26097458333333        5.63113791666667      -0.142056147700482     
   3.26097458333333        5.92740833333333      -0.128273721358362     
   3.26097458333333        6.22367875000000      -0.116340988200927     
   3.26097458333333        6.51994916666667      -0.105874763811779     
   3.26097458333333        6.81621958333333      -9.678206412010522E-002
   3.26097458333333        7.11249000000000      -8.887059296027860E-002
   3.55724500000000       2.000000000000000E-003 -0.248327846098840     
   3.55724500000000       0.298270416666667      -0.270207715256997     
   3.55724500000000       0.594540833333333      -0.291554105747080     
   3.55724500000000       0.890811250000000      -0.311009766449066     
   3.55724500000000        1.18708166666667      -0.328056618202925     
   3.55724500000000        1.48335208333333      -0.343529660696242     
   3.55724500000000        1.77962250000000      -0.355007107266351     
   3.55724500000000        2.07589291666667      -0.361273816323327     
   3.55724500000000        2.37216333333333      -0.362341906494989     
   3.55724500000000        2.66843375000000      -0.359711179586734     
   3.55724500000000        2.96470416666667      -0.356276597721724     
   3.55724500000000        3.26097458333333      -0.355299985269574     
   3.55724500000000        3.55724500000000      -0.344889430109624     
   3.55724500000000        3.85351541666667      -0.322941216317323     
   3.55724500000000        4.14978583333333      -0.288081920744027     
   3.55724500000000        4.44605625000000      -0.243394732705698     
   3.55724500000000        4.74232666666667      -0.204723278407146     
   3.55724500000000        5.03859708333333      -0.175201023633522     
   3.55724500000000        5.33486750000000      -0.153207768979053     
   3.55724500000000        5.63113791666667      -0.136563681892054     
   3.55724500000000        5.92740833333333      -0.123375421306953     
   3.55724500000000        6.22367875000000      -0.112019597805794     
   3.55724500000000        6.51994916666667      -0.102182525801728     
   3.55724500000000        6.81621958333333      -9.374771003222999E-002
   3.55724500000000        7.11249000000000      -8.642682848590820E-002
   3.85351541666667       2.000000000000000E-003 -0.227208973661928     
   3.85351541666667       0.298270416666667      -0.244972889556196     
   3.85351541666667       0.594540833333333      -0.262145801481410     
   3.85351541666667       0.890811250000000      -0.277797904635631     
   3.85351541666667        1.18708166666667      -0.291558362950904     
   3.85351541666667        1.48335208333333      -0.303880848817586     
   3.85351541666667        1.77962250000000      -0.313366019118613     
   3.85351541666667        2.07589291666667      -0.319021612852827     
   3.85351541666667        2.37216333333333      -0.321693618691860     
   3.85351541666667        2.66843375000000      -0.323826695350898     
   3.85351541666667        2.96470416666667      -0.327715373948645     
   3.85351541666667        3.26097458333333      -0.327768486774676     
   3.85351541666667        3.55724500000000      -0.322940679607088     
   3.85351541666667        3.85351541666667      -0.316510313393508     
   3.85351541666667        4.14978583333333      -0.278395720541074     
   3.85351541666667        4.44605625000000      -0.231115391406897     
   3.85351541666667        4.74232666666667      -0.192436124995014     
   3.85351541666667        5.03859708333333      -0.164243579959574     
   3.85351541666667        5.33486750000000      -0.144030584753835     
   3.85351541666667        5.63113791666667      -0.129085993981112     
   3.85351541666667        5.92740833333333      -0.117086392535849     
   3.85351541666667        6.22367875000000      -0.106652507997606     
   3.85351541666667        6.51994916666667      -9.770599574298040E-002
   3.85351541666667        6.81621958333333      -9.010669379379024E-002
   3.85351541666667        7.11249000000000      -8.346965228376861E-002
   4.14978583333333       2.000000000000000E-003 -0.207620008508115     
   4.14978583333333       0.298270416666667      -0.221997351395746     
   4.14978583333333       0.594540833333333      -0.235758907995587     
   4.14978583333333       0.890811250000000      -0.248275711075954     
   4.14978583333333        1.18708166666667      -0.259251220260979     
   4.14978583333333        1.48335208333333      -0.268931614020637     
   4.14978583333333        1.77962250000000      -0.276479397025611     
   4.14978583333333        2.07589291666667      -0.281132693345278     
   4.14978583333333        2.37216333333333      -0.283710046631058     
   4.14978583333333        2.66843375000000      -0.286111272489950     
   4.14978583333333        2.96470416666667      -0.289309747873034     
   4.14978583333333        3.26097458333333      -0.290164340780533     
   4.14978583333333        3.55724500000000      -0.288081098020428     
   4.14978583333333        3.85351541666667      -0.278395031478888     
   4.14978583333333        4.14978583333333      -0.246718126299223     
   4.14978583333333        4.44605625000000      -0.206992838339915     
   4.14978583333333        4.74232666666667      -0.173667659730701     
   4.14978583333333        5.03859708333333      -0.149496199387601     
   4.14978583333333        5.33486750000000      -0.132509078362059     
   4.14978583333333        5.63113791666667      -0.120079492454874     
   4.14978583333333        5.92740833333333      -0.109734957926167     
   4.14978583333333        6.22367875000000      -0.100525793790249     
   4.14978583333333        6.51994916666667      -9.268950849773705E-002
   4.14978583333333        6.81621958333333      -8.604546458021485E-002
   4.14978583333333        7.11249000000000      -8.012945289077232E-002
   4.44605625000000       2.000000000000000E-003 -0.189791818753608     
   4.44605625000000       0.298270416666667      -0.201451113925604     
   4.44605625000000       0.594540833333333      -0.212447702513953     
   4.44605625000000       0.890811250000000      -0.222357034098022     
   4.44605625000000        1.18708166666667      -0.230933917142790     
   4.44605625000000        1.48335208333333      -0.238213747748130     
   4.44605625000000        1.77962250000000      -0.243937315006458     
   4.44605625000000        2.07589291666667      -0.247198520684666     
   4.44605625000000        2.37216333333333      -0.248495185865828     
   4.44605625000000        2.66843375000000      -0.248947420490374     
   4.44605625000000        2.96470416666667      -0.249069641116339     
   4.44605625000000        3.26097458333333      -0.247800278941280     
   4.44605625000000        3.55724500000000      -0.243393917037325     
   4.44605625000000        3.85351541666667      -0.231114544320755     
   4.44605625000000        4.14978583333333      -0.206992390378082     
   4.44605625000000        4.44605625000000      -0.177893396132507     
   4.44605625000000        4.74232666666667      -0.152458228489306     
   4.44605625000000        5.03859708333333      -0.133587819932135     
   4.44605625000000        5.33486750000000      -0.120438891920316     
   4.44605625000000        5.63113791666667      -0.110768635553098     
   4.44605625000000        5.92740833333333      -0.101971460362660     
   4.44605625000000        6.22367875000000      -9.412074331912348E-002
   4.44605625000000        6.51994916666667      -8.749852902129043E-002
   4.44605625000000        6.81621958333333      -8.183280223491327E-002
   4.44605625000000        7.11249000000000      -7.660903579721359E-002
   4.74232666666667       2.000000000000000E-003 -0.173685118732575     
   4.74232666666667       0.298270416666667      -0.183157122858105     
   4.74232666666667       0.594540833333333      -0.191883915602217     
   4.74232666666667       0.890811250000000      -0.199586215240281     
   4.74232666666667        1.18708166666667      -0.206076455949502     
   4.74232666666667        1.48335208333333      -0.211284998808593     
   4.74232666666667        1.77962250000000      -0.215149991936564     
   4.74232666666667        2.07589291666667      -0.217037303678137     
   4.74232666666667        2.37216333333333      -0.217075282122412     
   4.74232666666667        2.66843375000000      -0.215988719259400     
   4.74232666666667        2.96470416666667      -0.214180115186997     
   4.74232666666667        3.26097458333333      -0.211056957117747     
   4.74232666666667        3.55724500000000      -0.204722582079949     
   4.74232666666667        3.85351541666667      -0.192435358280748     
   4.74232666666667        4.14978583333333      -0.173667089649494     
   4.74232666666667        4.44605625000000      -0.152457976295834     
   4.74232666666667        4.74232666666667      -0.133706264219699     
   4.74232666666667        5.03859708333333      -0.119617081246691     
   4.74232666666667        5.33486750000000      -0.109812368006799     
   4.74232666666667        5.63113791666667      -0.101984235803833     
   4.74232666666667        5.92740833333333      -9.445405551641577E-002
   4.74232666666667        6.22367875000000      -8.792190715529224E-002
   4.74232666666667        6.51994916666667      -8.246968373245844E-002
   4.74232666666667        6.81621958333333      -7.770508738825722E-002
   4.74232666666667        7.11249000000000      -7.310129281837563E-002
   5.03859708333333       2.000000000000000E-003 -0.159307735496320     
   5.03859708333333       0.298270416666667      -0.166991696764713     
   5.03859708333333       0.594540833333333      -0.173811465695934     
   5.03859708333333       0.890811250000000      -0.179627098367489     
   5.03859708333333        1.18708166666667      -0.184345995282861     
   5.03859708333333        1.48335208333333      -0.187890652700692     
   5.03859708333333        1.77962250000000      -0.190161982386351     
   5.03859708333333        2.07589291666667      -0.190938423693254     
   5.03859708333333        2.37216333333333      -0.190186508538489     
   5.03859708333333        2.66843375000000      -0.188410110166643     
   5.03859708333333        2.96470416666667      -0.185856370310480     
   5.03859708333333        3.26097458333333      -0.181939261575409     
   5.03859708333333        3.55724500000000      -0.175200489900629     
   5.03859708333333        3.85351541666667      -0.164242981525897     
   5.03859708333333        4.14978583333333      -0.149495692931240     
   5.03859708333333        4.44605625000000      -0.133587508727536     
   5.03859708333333        4.74232666666667      -0.119616962906511     
   5.03859708333333        5.03859708333333      -0.109081711633072     
   5.03859708333333        5.33486750000000      -0.101322334819432     
   5.03859708333333        5.63113791666667      -9.407098259711334E-002
   5.03859708333333        5.92740833333333      -8.759288804033172E-002
   5.03859708333333        6.22367875000000      -8.219442842799804E-002
   5.03859708333333        6.51994916666667      -7.773375556582840E-002
   5.03859708333333        6.81621958333333      -7.376399995462757E-002
   5.03859708333333        7.11249000000000      -6.973927349906578E-002
   5.33486750000000       2.000000000000000E-003 -0.146751738124519     
   5.33486750000000       0.298270416666667      -0.152966783112543     
   5.33486750000000       0.594540833333333      -0.158166020104885     
   5.33486750000000       0.890811250000000      -0.162357150743698     
   5.33486750000000        1.18708166666667      -0.165600802967742     
   5.33486750000000        1.48335208333333      -0.167912486641300     
   5.33486750000000        1.77962250000000      -0.169185196007874     
   5.33486750000000        2.07589291666667      -0.169294970194119     
   5.33486750000000        2.37216333333333      -0.168141379926632     
   5.33486750000000        2.66843375000000      -0.166124935240778     
   5.33486750000000        2.96470416666667      -0.163398685474992     
   5.33486750000000        3.26097458333333      -0.159424318468232     
   5.33486750000000        3.55724500000000      -0.153207411036915     
   5.33486750000000        3.85351541666667      -0.144030182073651     
   5.33486750000000        4.14978583333333      -0.132508719230523     
   5.33486750000000        4.44605625000000      -0.120438645337516     
   5.33486750000000        4.74232666666667      -0.109812247197393     
   5.33486750000000        5.03859708333333      -0.101322301397743     
   5.33486750000000        5.33486750000000      -9.377851590161763E-002
   5.33486750000000        5.63113791666667      -8.710586444701952E-002
   5.33486750000000        5.92740833333333      -8.144997605192121E-002
   5.33486750000000        6.22367875000000      -7.694204154193836E-002
   5.33486750000000        6.51994916666667      -7.335325550498632E-002
   5.33486750000000        6.81621958333333      -7.013907967735526E-002
   5.33486750000000        7.11249000000000      -6.672696965591959E-002
   5.63113791666667       2.000000000000000E-003 -0.136075476602374     
   5.63113791666667       0.298270416666667      -0.141099496072875     
   5.63113791666667       0.594540833333333      -0.144899217209424     
   5.63113791666667       0.890811250000000      -0.147685735109968     
   5.63113791666667        1.18708166666667      -0.149709436971418     
   5.63113791666667        1.48335208333333      -0.151087497172192     
   5.63113791666667        1.77962250000000      -0.151778823966125     
   5.63113791666667        2.07589291666667      -0.151637911469896     
   5.63113791666667        2.37216333333333      -0.150607251814675     
   5.63113791666667        2.66843375000000      -0.148679940321974     
   5.63113791666667        2.96470416666667      -0.145872494138681     
   5.63113791666667        3.26097458333333      -0.142055988128995     
   5.63113791666667        3.55724500000000      -0.136563481518090     
   5.63113791666667        3.85351541666667      -0.129085774028763     
   5.63113791666667        4.14978583333333      -0.120079296205688     
   5.63113791666667        4.44605625000000      -0.110768500612729     
   5.63113791666667        4.74232666666667      -0.101984169663451     
   5.63113791666667        5.03859708333333      -9.407096757718965E-002
   5.63113791666667        5.33486750000000      -8.710587242406731E-002
   5.63113791666667        5.63113791666667      -8.106498743196625E-002
   5.63113791666667        5.92740833333333      -7.612189879463366E-002
   5.63113791666667        6.22367875000000      -7.238120718068693E-002
   5.63113791666667        6.51994916666667      -6.957742470175224E-002
   5.63113791666667        6.81621958333333      -6.710046955507398E-002
   5.63113791666667        7.11249000000000      -6.428687205961105E-002
   5.92740833333333       2.000000000000000E-003 -0.127299206403101     
   5.92740833333333       0.298270416666667      -0.131407797517958     
   5.92740833333333       0.594540833333333      -0.133919649795026     
   5.92740833333333       0.890811250000000      -0.135393503869803     
   5.92740833333333        1.18708166666667      -0.136348017868618     
   5.92740833333333        1.48335208333333      -0.136970493314745     
   5.92740833333333        1.77962250000000      -0.137225464090321     
   5.92740833333333        2.07589291666667      -0.136959483963087     
   5.92740833333333        2.37216333333333      -0.136024940251944     
   5.92740833333333        2.66843375000000      -0.134363597678173     
   5.92740833333333        2.96470416666667      -0.131851981279825     
   5.92740833333333        3.26097458333333      -0.128273634912849     
   5.92740833333333        3.55724500000000      -0.123375328131436     
   5.92740833333333        3.85351541666667      -0.117086300760975     
   5.92740833333333        4.14978583333333      -0.109734884020185     
   5.92740833333333        4.44605625000000      -0.101971419151873     
   5.92740833333333        4.74232666666667      -9.445405154446168E-002
   5.92740833333333        5.03859708333333      -8.759291485307202E-002
   5.92740833333333        5.33486750000000      -8.145002007676048E-002
   5.92740833333333        5.63113791666667      -7.612193381352211E-002
   5.92740833333333        5.92740833333333      -7.186946427001542E-002
   5.92740833333333        6.22367875000000      -6.877932546591578E-002
   5.92740833333333        6.51994916666667      -6.664689504512372E-002
   5.92740833333333        6.81621958333333      -6.486459864760663E-002
   5.92740833333333        7.11249000000000      -6.256047551197895E-002
   6.22367875000000       2.000000000000000E-003 -0.120234183713114     
   6.22367875000000       0.298270416666667      -0.123719586291376     
   6.22367875000000       0.594540833333333      -0.124929489941243     
   6.22367875000000       0.890811250000000      -0.125078259509146     
   6.22367875000000        1.18708166666667      -0.125020225132638     
   6.22367875000000        1.48335208333333      -0.124960348223923     
   6.22367875000000        1.77962250000000      -0.124806798170552     
   6.22367875000000        2.07589291666667      -0.124368546134850     
   6.22367875000000        2.37216333333333      -0.123432770849984     
   6.22367875000000        2.66843375000000      -0.121885727856212     
   6.22367875000000        2.96470416666667      -0.119583542229886     
   6.22367875000000        3.26097458333333      -0.116340955219220     
   6.22367875000000        3.55724500000000      -0.112019575784369     
   6.22367875000000        3.85351541666667      -0.106652499282584     
   6.22367875000000        4.14978583333333      -0.100525802932760     
   6.22367875000000        4.44605625000000      -9.412077421507584E-002
   6.22367875000000        4.74232666666667      -8.792196043450276E-002
   6.22367875000000        5.03859708333333      -8.219450217559190E-002
   6.22367875000000        5.33486750000000      -7.694212892003904E-002
   6.22367875000000        5.63113791666667      -7.238128647379287E-002
   6.22367875000000        5.92740833333333      -6.877937344510689E-002
   6.22367875000000        6.22367875000000      -6.625415101848921E-002
   6.22367875000000        6.51994916666667      -6.468674582373304E-002
   6.22367875000000        6.81621958333333      -6.347742093641494E-002
   6.22367875000000        7.11249000000000      -6.146871094863787E-002
   6.51994916666667       2.000000000000000E-003 -0.114040670305648     
   6.51994916666667       0.298270416666667      -0.117198257367362     
   6.51994916666667       0.594540833333333      -0.117163687320346     
   6.51994916666667       0.890811250000000      -0.116102966599599     
   6.51994916666667        1.18708166666667      -0.115143284614100     
   6.51994916666667        1.48335208333333      -0.114467463854261     
   6.51994916666667        1.77962250000000      -0.113913983771068     
   6.51994916666667        2.07589291666667      -0.113258195421960     
   6.51994916666667        2.37216333333333      -0.112274831141487     
   6.51994916666667        2.66843375000000      -0.110805360733965     
   6.51994916666667        2.96470416666667      -0.108720946007361     
   6.51994916666667        3.26097458333333      -0.105874773730196     
   6.51994916666667        3.55724500000000      -0.102182556155011     
   6.51994916666667        3.85351541666667      -9.770604566714473E-002
   6.51994916666667        4.14978583333333      -9.268957645102263E-002
   6.51994916666667        4.44605625000000      -8.749861254455181E-002
   6.51994916666667        4.74232666666667      -8.246978003560394E-002
   6.51994916666667        5.03859708333333      -7.773386456985394E-002
   6.51994916666667        5.33486750000000      -7.335337269405778E-002
   6.51994916666667        5.63113791666667      -6.957753616570048E-002
   6.51994916666667        5.92740833333333      -6.664698395376766E-002
   6.51994916666667        6.22367875000000      -6.468679574605120E-002
   6.51994916666667        6.51994916666667      -6.349109620456328E-002
   6.51994916666667        6.81621958333333      -6.240745718637979E-002
   6.51994916666667        7.11249000000000      -6.034420557978338E-002
   6.81621958333333       2.000000000000000E-003 -0.106512972033818     
   6.81621958333333       0.298270416666667      -0.109612120580825     
   6.81621958333333       0.594540833333333      -0.109323971799836     
   6.81621958333333       0.890811250000000      -0.107648733373219     
   6.81621958333333        1.18708166666667      -0.106120688816926     
   6.81621958333333        1.48335208333333      -0.105004041483370     
   6.81621958333333        1.77962250000000      -0.104142515914828     
   6.81621958333333        2.07589291666667      -0.103317292446188     
   6.81621958333333        2.37216333333333      -0.102311523063379     
   6.81621958333333        2.66843375000000      -0.100966800943463     
   6.81621958333333        2.96470416666667      -9.916476737123407E-002
   6.81621958333333        3.26097458333333      -9.678210808160014E-002
   6.81621958333333        3.55724500000000      -9.374777752241815E-002
   6.81621958333333        3.85351541666667      -9.010678221002362E-002
   6.81621958333333        4.14978583333333      -8.604556906410306E-002
   6.81621958333333        4.44605625000000      -8.183291647207863E-002
   6.81621958333333        4.74232666666667      -7.770520570142818E-002
   6.81621958333333        5.03859708333333      -7.376412043137512E-002
   6.81621958333333        5.33486750000000      -7.013920197386533E-002
   6.81621958333333        5.63113791666667      -6.710058708807963E-002
   6.81621958333333        5.92740833333333      -6.486470152573894E-002
   6.81621958333333        6.22367875000000      -6.347749845548578E-002
   6.81621958333333        6.51994916666667      -6.240749942906475E-002
   6.81621958333333        6.81621958333333      -6.007085347794470E-002
   6.81621958333333        7.11249000000000      -5.735906585939080E-002
   7.11249000000000       2.000000000000000E-003 -9.756885940760143E-002
   7.11249000000000       0.298270416666667      -0.100401201631564     
   7.11249000000000       0.594540833333333      -0.100547271590266     
   7.11249000000000       0.890811250000000      -9.902928611032903E-002
   7.11249000000000        1.18708166666667      -9.746346087235898E-002
   7.11249000000000        1.48335208333333      -9.622461392091142E-002
   7.11249000000000        1.77962250000000      -9.524675397728502E-002
   7.11249000000000        2.07589291666667      -9.436899410816114E-002
   7.11249000000000        2.37216333333333      -9.342668933327643E-002
   7.11249000000000        2.66843375000000      -9.227064052605216E-002
   7.11249000000000        2.96470416666667      -9.079118880577530E-002
   7.11249000000000        3.26097458333333      -8.887066072875771E-002
   7.11249000000000        3.55724500000000      -8.642691779533934E-002
   7.11249000000000        3.85351541666667      -8.346975965531418E-002
   7.11249000000000        4.14978583333333      -8.012957206981461E-002
   7.11249000000000        4.44605625000000      -7.660915887033698E-002
   7.11249000000000        4.74232666666667      -7.310141236049753E-002
   7.11249000000000        5.03859708333333      -6.973938484968420E-002
   7.11249000000000        5.33486750000000      -6.672707567051236E-002
   7.11249000000000        5.63113791666667      -6.428697168858220E-002
   7.11249000000000        5.92740833333333      -6.256056309896690E-002
   7.11249000000000        6.22367875000000      -6.146877858084816E-002
   7.11249000000000        6.51994916666667      -6.034424523050259E-002
   7.11249000000000        6.81621958333333      -5.735907649078414E-002
   7.11249000000000        7.11249000000000      -5.303247272650799E-002
